6524936121
5823145052
7031605347
6564593815
5868367314
5261625104
6002047724
5646921587
2384935430
6643401510
5516751666
6116592855
6018555097
7031554557
6860122253
5988717880
6300892638
5784284497
5662959485
5088958232
6518669884
6786936777
5553515345
6738968214
6390374268
5682766423
6942082692
5923246145
7017092098
2817010097
5149051345
5657108647
6667250273
6994477763
6660597935
6600225378
6938209372
6733940689
6646914833
6899102041
6991321491
6753406882
6602733037
6668355191
6601391034
6646859668
6664933677
6600697935
7029295496
6724345769
6827103130
6899160105
6666761993
6621820191
6600311291
6815461796
6741391918
6925443183
6857292835
6559872584
6629222325
6601700168
6603295921
6992130349
7026174412
6594266910
6599110348
6670495803
6599481128
6599244266
6915934158
6608467859
6596041109
6639122416
6600407603
6604604843
6845917733
6827053110
6642741005
6734488280
6670482636
6599718978
6899101832
6577368560
6664894714
6859801869
6753406595
6580806208
6608434808
6668463533
6915725526
6553824993
6912344383
6741719458
6581467198
6599717435
6928628016
6598795153
6603280325
7028259056
6764725966
6559833751
6768367761
6645021518
6602721746
6666761866
6580444586
6767088829
6667126839
6668612492
6668354119
6630003679
6856791997
6646030183
6977170360
6602076542
6582354324
6815330053
6660593183
6558340153
6629469221
6769494263
6768055135
6602235576
6669329803
6600676538
6604803695
6662025010
6936480871
6924425593
6637484937
6743758526
6600821240
6638279034
6919564512
6668634674
6936480690
6965215354
6998551125
6603333653
6629477195
6668520274
6593390194
6606444627
6856791573
6597064961
6599754160
6826645037
6900357315
6805019940
6980706332
6992968588
6608434453
6603878983
7026582401
6668717543
6667389349
6846417851
6599191050
6815314055
6798199208
6649895893
6914964956
6630852065
6607254944
6597767243
6599392990
6820276483
6915468445
6667204446
6993722387
6857735299
6666870759
6604785296
6607468122
6594349257
6928363178
6600628125
6561525956
7002385368
6604124491
6559733608
6599657490
7028186131
6883392816
6927108477
6996088889
6605088918
6600150180
6559731498
6557859916
6595531783
6698398741
6607944343
6602679672
6671481568
6601223197
6920355936
6602224660
6667125545
6912343620
6663230068
6599652758
6604628115
6600762461
6920355914
6671807645
6559707159
6899720761
6599347877
6671879816
6900201991
6733931875
6939671087
7026825020
6600674397
6604328379
6642744194
6671659393
6606997775
6667124994
6555170673
6603773339
7027375291
6668716376
6899924006
7028613991
6559661278
6648569504
6664604795
6554664743
6900201800
6899101228
6769531053
6643855251
6595684977
6994252912
6593363570
6601205561
6607520556
6605131904
7024821905
6900356978
6608109374
6662020522
6775880587
6668838446
5833924633
6594444701
6662872224
6856786805
6604986908
6820453220
6833457556
7027370670
6582436474
6663001150
6924384401
6596936258
6599692238
2678048464
6667012370
6698323317
6667190273
6601030860
6134362780
6593697327
6899088065
6670587893
6559213604
6884046255
6592299733
6604207335
6859675553
6074835449
3296071535
6668591127
6996053315
7024800318
6668651724
6797808542
6594704199
6858912736
6663595649
6600754157
6664098034
6919554413
6596564357
5268825344
6970277171
5177248707
6601940130
7023563927
6601491364
6993251025
6900538709
6807814375
6582717159
6912247970
5985685602
6599481328
6600946669
6597522751
6602768357
6644528532
6601424643
6558726359
6668520688
6580757400
6605962648
6749110394
6604224015
6668313807
6596467680
6637650168
6668519001
6992408688
6898496288
6744737963
6605512621
6769205279
6594543561
7023540659
6662490962
6667062691
6898359943
6593645661
6598656329
6598816485
6664367880
6602440070
6597942883
7028136682
6102737417
6666939925
6622028340
6637674439
6899764022
6670853009
6937247579
6638195806
6833130080