6524936121
5823145052
7031605347
6564593815
5868367314
5261625104
6002047724
5646921587
2384935430
6643401510
5516751666
6116592855
6018555097
7031554557
6860122253
5988717880
6300892638
5784284497
5662959485
5088958232
6518669884
6786936777
5553515345
6738968214
6390374268
5682766423
6942082692
5923246145
7017092098
2817010097
5149051345
5657108647
6667250273
6994477763
6660597935
6600225378
6938209372
6733940689
6646914833
6899102041
6991321491
6753406882
6602733037
6668355191
6601391034
6646859668
6664933677
6600697935
7029295496
6724345769
6827103130
6899160105
6666761993
6621820191
6600311291
6815461796
6741391918
6925443183
6857292835
6559872584
6629222325
6601700168
6603295921
6992130349
7026174412
6594266910
6599110348
6670495803
6599481128
6599244266
6915934158
6608467859
6596041109
6639122416
6600407603
6604604843
6845917733
6827053110
6642741005
6734488280
6670482636
6599718978
6899101832
6577368560
6664894714
6859801869
6753406595
6580806208
6608434808
6668463533
6915725526
6553824993
6912344383
6741719458
6581467198
6599717435
6928628016
6598795153
6603280325
7028259056
6764725966
6559833751
6768367761
6645021518
6602721746
6666761866
6580444586
6767088829
6667126839
6668612492
6668354119
6630003679
6856791997
6646030183
6977170360
6602076542
6582354324
6815330053
6660593183
6558340153
6629469221
6769494263
6768055135
6602235576
6669329803
6600676538
6604803695
6662025010
6936480871
6924425593
6637484937
6743758526
6600821240
6638279034
6919564512
6668634674
6936480690
6965215354
6998551125
6603333653
6629477195
6668520274
6593390194
6606444627
6856791573
6597064961
6599754160
6826645037
6900357315
6805019940
6980706332
6992968588
6608434453
6603878983
7026582401
6668717543
6667389349
6846417851
6599191050
6815314055
6798199208
6649895893
6914964956
6630852065
6607254944
6597767243
6599392990
6820276483
6915468445
6667204446
6993722387
6857735299
6666870759
6604785296
6607468122
6594349257
6928363178
6600628125
6561525956
7002385368
6604124491
6559733608
6599657490
7028186131
6883392816
6927108477
6996088889
6605088918
6600150180
6559731498
6557859916
6595531783
6698398741
6607944343
6602679672
6671481568
6601223197
6920355936
6602224660
6667125545
6912343620
6663230068
6599652758
6604628115
6600762461
6920355914
6671807645
6559707159
6899720761
6599347877
6671879816
6900201991
6733931875
6939671087
7026825020
6600674397
6604328379
6642744194
6671659393
6606997775
6667124994
6555170673
6603773339
7027375291
6668716376
6899924006
7028613991
6559661278
6648569504
6664604795
6554664743
6900201800
6899101228
6769531053
6643855251
6595684977
6994252912
6593363570
6601205561
6607520556
6605131904
7024821905
6900356978
6608109374
6662020522
6775880587
6668838446
5833924633
6594444701
6662872224
6856786805
6604986908
6820453220
6833457556
7027370670
6582436474
6663001150
6924384401
6596936258
6599692238
2678048464
6667012370
6698323317
6667190273
6601030860
6134362780
6593697327
6899088065
6670587893
6559213604
6884046255
6592299733
6604207335
6859675553
6074835449
3296071535
6668591127
6996053315
7024800318
6668651724
6797808542
6594704199
6858912736
6663595649
6600754157
6664098034
6919554413
6596564357
5268825344
6970277171
5177248707
6601940130
7023563927
6601491364
6993251025
6900538709
6807814375
6582717159
6912247970
5985685602
6599481328
6600946669
6597522751
6602768357
6644528532
6601424643
6558726359
6668520688
6580757400
6605962648
6749110394
6604224015
6668313807
6596467680
6637650168
6668519001
6992408688
6898496288
6744737963
6605512621
6769205279
6594543561
7023540659
6662490962
6667062691
6898359943
6593645661
6598656329
6598816485
6664367880
6602440070
6597942883
7028136682
6102737417
6666939925
6622028340
6637674439
6899764022
6670853009
6937247579
6638195806
6833130080
5018150390
6595975841
6597528753
6932636872
6760931136
6926989543
6741840548
2031220217
6900158064
6594491595
6593977357
5331692622
6600582421
6600132918
6600941771
6584941786
6899111123
6666811236
5776949728
6561450806
6650627970
6599376829
6599571565
6075722589
6125334881
1847329060
6596061891
2822373757
2929503935
6982528343
5316330763
6588222836
5912600505
7025174778
5556081661
6383389427
6797151574
6351873706
7012632309
5830012814
2576684295
6299608952
6414263100
6721233309
7026737821
5831390752
3970538071
5484967989
6252894628
6617285798
5711195897
6137509979
6171168090
6603240082
6981598104
5969880686
1563221533
7021497832
5900963638
5441520453
6081529266
6568420894
2577387181
6649574888
7010954197
6407146781
7026223575
5895834963
7021813437
3524395647
6214659875
5573885655
6313297882
5742829984
6134941505
2267568452
7025102749
6468878925
2474552361
6303179197
5831089074
5531617887
6800819333
6749592754
7024233619
7021909128
2190109132
6885441720
5667401096
2610578013
3805158098
5995905866
6811302716
2189276894
5871121371
6379375255
5611536024
3846453119
5895108168
5415079275
5287568368
3213695105
1751068934
2594417987
2719112087
5063805553
1791928175
5128028623
2275650404
6347246165
6297204339
5839598957
5486260431
5264063572
5943509242
3714547133
7023883451
5887953414
5527954038
6144066713
2742181702
6489644185
5807773207
5912658053
6207386405
5052696644
7022661554
6657340544
5178402764
6500845502
5859531129
5652528528
5510872512
5936476253
3283481140
6999959617
3235087543
2580592100
6861052296
7020637203
6785636325
7020575432
6874949051
1700132664
5995882963
6213881661
6474032511
6888132893
3035808380
6049639225
3008633025
6835970982
5690378997
6317569861
5588183892
5594225660
7020077639
5890989602
5539830333
3297824237
6499512797
5856795806
6150898332
5689225204
5386350545
6852213300
6993030949
6157859057
6178151282
6936621237
6601267220
6150269111
6604996872
3913665855
5379761230
6493088089
6625789187
5685519985
6993914770
6174836009
6555296198
5651109119
5216430424
2143948702
6623081919
2696874314
5686776894
6965115666
5762029677
2009109401
5898466175
5604845601
5717304076
7004456642
6991100343
1806440922
6413458795
5890653845
6450230405
6582684714
6994406654
5355774067
5995692408
6502234485
6769147733
6468750923
1954166727
5060164945
1884408133
5334263695
5591515185
5845938698
5739755390
5361005439
7000846492
2448072625
5268069129
6996022887
3087678575
5924324804
6598468872
5973631118
2267617192
2631737357
6372399012
2948834225
6016012156
6510748380
6809269143
5502627147
2794767252
3610427237
2158234130
5845520552
5347915352
5749095500
5781049802
5697653829
3317958370
6435594649
5537900009
5694150082
6870695364
6990745193
6617426777
6020218537
1878154145
6525084835
6980040351
6524124225
1666934357
6540613401
6049733894
5063502738
6525654521
5745379693
6345404372
5177576320
1821513224
7007967539
6013133546
5861366126
6460415928
6739748419
3296068524
6293321226
3748840827
2854304570
5457793284
6631002629
3215855500
6212174395
5524316763
6158057265
5745013759
5844916438
5696047565
6326172392
6592891910
6577115392
6250363885
5643689105
5884196433
5626926984
2355603595
6236545687
5675786764
6554482479
6628739887
7013425214
5537828272
2439017940
5525923003
5990234613
3253809313
3300143162
5987042769
2063469281
2667214951
1664685027
6363838395
2857456632
3258586322
1869576083
6976225706
6226119160
2034984815
5332867559
6387277471
1964413821
5589039492
6889014563
6770076438
6870633374
5845502489
6965153993
6546753855
5781361017
5719742811
2519928297
3858238590
6296816670
6327207083
5598892643
3412075230
6281079374
6818340738
5650207537
5914735698
6424860177
5497308642
5482377522
6229869294
3007936153
6179892273
6569761640
6460381517
5669536775
5885330357
5637907405
5108775833
6919685804
2551732624
6409747069
7010770818
6486047255
6249239345
3761685412
6567253280
5263559092
5471238534
5730789243
5700161485
5855487392
3600888864
3921136959
5309000839
2413936314
5731036450
6303963728
5568430073
3536380832
5663095235
5729421454
3362486754
6711765954
5506890594
5642754936
3268052887
6835843049
5541887226
6649427076
5464415351
5500236425
6243861493
3811100216
6976817932
2938687741
1922487964
5970673352
6982152327
6302268034
5610347538
5189522570
5671028258
7009030313
6501673454
5391836803
6797756299
3176530830
6571969700
3623704242
6538161721
6378573280
2160226585
6492215736
1665205753
2431880703
6377637829
5713031125
5862183631
6603956317
5656209221
5547105535
3996419094
6158115126
7000264053
3464794522
6995340675
5848105062
3242117412
5019425338
6975740431
3054054987
1948711745
6871538432
6045934418
6364590089
7008532140
5355389189
6672495362
6672495362
6036026249
5670916416
5977850603
5586520719
3675795170
2785008064
6538101552
6504991609
6107850992
7006693333
5932098369
6319252405
6522810779
6504536998
5899789296
6070941162
5515546443
6856747064
6833877309
5536672421
6890351536
6918798426
6600337874
2790257655
6534306204
5180209574
5909224739
7005278852
6642825711
7002312118
6414271431
6470998762
5681349355
6895971081
5967111551
6896381421
3874641087
1906113535
5909144858
3148696191
2237323555
2199067262
6340496693
6071795106
6693890085
5893703219
5223400255
6519729451
6487536119
7004513279
5354278953
6969388824
6969702802
6856014247
5631138095
5376581976
6366382212
6975730563
6423931903
6673885554
5888833151
5973034194
5111887430
6570004963
5391179061
6552468162
6132474429
5882735929
3100616920
5647850315
5576787902
1267577374
5241521026
6975683992
6460763666
6517758525
5981685004
6936744704
6057327014
6801951153
5925829134
6397556899
6247226608
6570163465
6671707466
2308577025
6915440869
6508218897
5732989702
6879914941
5872362246
5974548823
7000787397
6124123644
6909816948
5988117049
5318699209
6970277860
6559509482
5799101925
6307868953
5180007859
6132276875
2532402750
6163340938
6622938435
6495402848
6999482589
6502118214
6800745975
6633003204
6889453197
6052321589
3980877514
6999256017
5706139845
6083961860
5530638932
1610594464
6736435666
2490845414
6037291177
6994786248
5603679175
6576695169
2958912804
6961397886
6023560258
6423020052
5755449289
6989864236
6087874767
6905872367
5724002811
5898669584
5858095754
6889386839
6488889986
6997571504
6345429694
5880855060
6857800526
1786257963
1893030217
1750282130
1884631594
5846302283
6657530527
5309299154
6130899806
5242402772
6617451484
6477745338
6983853007
6987347776
3613049917
5102074742
6513270438
6004481087
6996057283
6572406216
5513593894
6553617675
6559501825
6349578173
6997219359
3514695127
6513363670
6533858809
1956539614
6738627115
5173127111
5519591103
6856366597
6328743652
6720111053
5022636418
6993276074
6234951474
5517174272
6977829203
6865169748
2517180480
6588757473
6268718054
6368587953
6468225852
5409065493
1579318973
2552080307
6968576459
6558966394
6004773825
1725512435
6934187012
5932355992
3259933970
3037291672
6192457328
6319268815
6063490206
5950151529
3034829574
1956614575
6419724884
2991017023
5842217056
5902593184
3955382083
5785034909
6696377164
6990922680
5849101395
1563805685
6990407380
5699929648
3720938965
6441724829
5888891735
6538871950
6711734562
6299311583
5307264656
6616303236
6340211169
5466057753
6599548997
5750722291
6508328803
5966848055
6030726778
5268413312
5597163303
5546369775
5714830082
1632330157
3575690624
6993150205
5478375382
5344191315
6993553219
2101914774
6720686223
6159723406
6196177539
6459830113
5978964549
2769416901
5705531476
6583999506
5560872952
6600287574
6708467943
5850166354
6222024907
6020393299
6592421169
2582582457
6980365864
3173273017
5983762387
5718616019
5211558799
6508888782
6192426331
6489256408
5818566699
6210720187
6126837419
5913481389
6048670337
5637909792
5569331446
1829490894
6554856199
6126262436
2750558122
6119587854
6984464331
1787840711
6254315821
3968069685
6342533478
6604970630
6520917001
6504107637
6434875313
5948398791
6919819742
5856978210
5299036191
6923168517
6990376172
6064488403
5861327430
6539017205
6274165419
5123808420
6522378079
5642202750
6416774903
5417334435
6977444879
5978989009
5356702225
6856028902
5363730374
5263788984
5581798548
6935236117
6118631066
6990666301
6581832067
6990183772
5844061679
5319438960
3904527851
1506710153
2260250262
5840261565
6988751748
1033793855
5266150559
5937963852
6856148114
5505884089
5627755120
5285664513
6126431716
5880048396
6734213896
6283766023
5356684132
6989628465
5969782378
5116187191
6581844188
6407317763
6189855322
3952004358
5252776382
5777214154
6109918727
2076311237
5694862328
5671949878
2143673483
5250629364
5675215571
2692024832
6143044600
2263718723
5900179423
5482206962
5658901252
5325675988
6280021530
3100488421
6077147163
6989822743
1055408833
6985629493
5937651639
5480788723
1665680140
6083359420
6345607196
6578869178
6661458381
6579499598
5594859639
5494844680
6488557804
6134366061
3239162181
6962520677
1771412277
6502411239
5189798577
2630255701
2264377213
1936406661
6522615126
5729894076
2143580490
5086640705
5553885732
6600396174
5208919722
1560046523
3824466393
6616362595
5019533795
2651284514
5268703534
5994549085
2245399833
6630389876
6746820918
2310550765
2943914611
2139733714
2323983117
3977127984
6178067165
6310936560
6600021405
5529123066
5460737618
6374949311
5177305807
1033511852
6990446943
6216911937
2779865751
6459733797
1676160747
3293963335
6974205960
6568048710
5081727491
5511588567
3188486724
3001171505
6438095800
6725240375
6463308655
6221396491
6259907884
6499768912
1955257993
5941931459
5392597866
3493541487
5164802845
5350154673
5998235342
6233768752
5750029732
6405240064
3123177305
6179734643
5234262627
6210116350
3803332445
6132170542
6413995420
5013477620
3189833627
5574304890
1845768612
5968607449
6896324564
6316053356
2853149474
1839582967
5680378769
5447107116
6058003740
5568572927
2418273661
2357606923
5219527331
6391693363
6979634804
6990389807
6499300609
6473459426
6893968150
6657208100
6672878558
2009095821
6560956303
6040702148
6518375504
6304183314
5859591865
1614683083
5273807352
1367591317
6831226653
6741743175
6002845296
5538750476
3211388247
5672334427
2688303144
6135000848
6246109926
5971049070
5277556324
6611617694
5655709285
6628238234
6962348049
6980940911
5837523603
3862003078
6981135553
6860547835
1843315577
6142725775
6112680615
6413050399
6561436528
2310551780
6111065966
5986377651
6572308031
5859737472
6498085935
5346916226
5797576974
5239332711
2452893447
6618632335
5979039098
6445922381
5992514161
5292225267
6233129221
5943974689
6735450781
3327653890
1696694250
6354779055
6025837400
2681296671
6346808188
5051801429
5947458984
6690634571
6319368138
5455766386
6978714134
5839728042
6262162831
3901185953
6118629482
5986076570
6586739839
6923747923
6627792340
5459673843
5382620035
5667022355
6985088492
6394797744
5650275698
6504138110
5581991304
6042582170
5599490112
3195714215
6773527283
3270475904
6814198660
5513460278
5919814845
5857343656
2602210717
3225996521
6986777287
2540711425
3537275473
1561458180
6979298475
6086091172
6007186910
5436310401
6974864944
6987875811
6716288421
6026865183
3495192323
6364601061
6402106109
2153854071
5655318815
6279463227
6614768009
6411115547
5022881030
2188155655
1287356745
5656557545
5671551612
5542895377
6035760660
6164459461
6493295650
2956283914
6920481399
5666679809
6656420136
6897363228
5818560172
5534489036
6896088079
6059254488
5992729522
5600256692
3184001632
6120663644
5753856009
6107546808
1934761963
6452805584
6064475179
6350115766
5678707538
5087801914
2688289987
5850461901
5851026136
2690012893
6028203128
1607396501
3613155127
5698371589
6411450231
2543473762
3951111497
6631712807
5686173294
6049769106
6326630576
5682973800
2019975413
5646578504
6419282448
6484154917
1840705825
6818605287
6033334691
5538404618
1654211191
3691021822
6324589778
3169786264
6871873381
5849536502
2037639950
6106113170
5705940979
6266771005
6502402059
5621558925
6120426303
5896060118
3538320111
6458001702
5125510725
5715516143
5960615871
5184286425
5720369655
5214039470
5555274271
6818747315
1923239982
5966720369
1854600040
3846757945
5024023654
6091312388
2816916785
5516636609
6186270476
2696976884
5468866989
2864305964
6559044077
6546936731
5669971815
3022099767
2001211611
5234990651
5968247281
6015928045
1202449600
6137589496
5669564167
3991139467
5211710013
6508053398
2548825195
5723203040
6587076256
2887963760
5997165498
6593350822
2588339777
6004191550
5970602479
6317746368
5851364621
5529803236
3993857282
5894561884
6507094224
6070190516
6810922568
6083898733
6486866531
6542442354
6461201514
5970631509
5867890192
5871607281
1819051552
3658657851
5799076976
6678802390
6303888838
5892695165
5979596655
5520883008
3701541140
6737463954
2795354964
5344146333
3385323390
6147160317
6792842165
1833852520
2302192294
5896557053
6070583784
5893082307
6379160547
6466486612
5863006558
1688912622
6067921490
5839320055
5491808956
6032807920
2813819217
5675332558
1171873992
5687708040
5891203279
6611989140
6941187140
6539997546
6986603199
2203926964
6039382051
5898433629
6818089604
5875242124
6616676985
6285766620
1790283732
6489842366
5621938545
2184245494
5931244888
5856965826
1778768901
2854363090
5932833850
5663679532
5136275655
6588703049
5312755197
1826374070
2292773520
5723714610
2251192243
5631931128
3605508267
5691070503
5225050854
6533162814
1781006353
3282178075
5494717457
5118288536
5186738334
5232920702
5884978651
2458371664
5859838592
5837857159
2712575762
6174779944
6461054838
1732264711
5876699378
2835866385
6332186749
5986653824
2866954872
5314539873
2290860167
5655526941
6505237573
6770364786
2841582334
6591583426
5876655555
6534616938
6632240879
6870759963
6697361585
6838758382
6262591886
5897588457
6960842221
6368653375
5989165679
2854251802
6083699556
5223453379
3837408639
5985791338
5205589142
6535067655
6985467688
6371189186
6359377550
1804723695
5662220376
6622838530
2528488761
2292439800
6225016350
6831505462
1150800360
5560359300
6985284020
6919943360
5231783731
6973273821
6387409193
3964327319
5704626574
5980133029
2562741904
1268095234
6053552059
5438270156
3108429124
5665602735
6984929278
6878217115
5598889857
5976747278
6586426917
6607995019
3279873221
3216783703
6171141281
6081980141
6974033545
6864165145
5104672901
6327132375
5469897696
5573161993
5691615864
5253201832
5898831606
6411712049
3214457231
6604925558
5641284707
5850414617
6187270441
2389297154
3936316378
5837750034
6602699104
5262510210
6630393454
6064132901
6051906770
5526402139
5890326790
6071546513
5637046362
6465252622
6409490250
6152318030
6400918951
6911300019
6981197371
6066983516
6135739054
6979215194
5761295168
1994358565
6614162350
6166226337
6491319436
6548687062
5626317620
6982187801
6978479894
6910102273
5225876494
6704585903
6148743048
6981046345
6973307030
6979812723
6970642300
6279565669
6508070179
6427781266
6156574390
5252255756
6650522403
5773896007
5565976953
5997661165
3035008383
6963324388
6765058928
5296488336
6004979389
6803279167
6688945655
6190025951
6585177025
6868321601
6171669534
5613756526
2809760145
3825654747
5878473717
6534502798
6812379264
5496465232
6662218970
5526624975
5490622376
6977661561
6650548346
6064161758
5495052137
6631230981
6174083070
6499363857
6978023142
5649402194
6530885365
6066225756
6905402361
6402324334
5635614738
5827770253
6595520807
6214948159
6722223490
5370362163
5414456378
6869268198
6135281589
3123680075
6193133987
5853788324
6066261495
5171510182
5446447347
6085316481
6404432378
5505249310
3018729537
6871483884
6698123049
5791859474
5776066181
2692860813
2843225604
6970056402
6601117934
5690148587
5937770393
6976181811
6478065938
5863926227
5253192795
6601625666
6596209305
6415709706
6639766137
2107811341
6879169651
5746481310
6595456105
5490981304
5494773016
6342171026
1736026710
6976339181
5641943453
6006816691
6102549417
6311139723
6135754703
3265520054
5669041561
5856019041
6634730175
6263826938
5702617833
3960988894
6702913186
5363011257
5894544178
6593280988
6475625756
6606652919
6293809127
3728551335
5917969957
6018944975
6854234818
6975658115
5818686939
5976638000
2431688104
2337882040
6617718919
5455982563
2838393867
5584407994
5523519567
3836692807
6613624592
6795638552
6916975756
6976073302
5081775845
1758121921
1016083431
1877188421
2952588154
6098466744
6165071470
5667127365
5521359632
6974763824
6201337617
5847781208
5588807887
5373603432
5357036681
5734192279
2680474531
5454343792
6879688887
5887536529
3269869412
5403809343
5096329507
6376821995
5797672516
5997777035
5698493088
3178461697
5843313243
5165179545
5494866073
5581480843
6522001341
6331297332
6128002266
5785133884
6391802633
6374006350
6680818247
6790529709
6782583241
5935373871
2785723511
6443541613
5512386945
6559952858
5753760967
3197830237
6503758597
5448271802
6388695487
5648334674
6323356961
5590620271
3613149603
6593384151
2965830610
6266109859
5573879337
5674704953
6576404306
5850392674
6493524743
6051887432
5584725919
6532172808
6885426104
1658385567
6170033212
5882397375
2950979382
6600691358
6010678996
5484464207
6317354071
5982049670
6690908967
3224515062
2722932341
5736802419
5855945581
6696750550
6131631509
6318329961
5836454346
6604494499
5848838327
5630710825
5393956083
6283255870
5282044574
6859523861
6418892538
5679685654
6570308121
6216916699
6530376580
6510711274
1981847052
5340835505
6274750958
6085804854
3480059613
5617325983
6053294448
2211982842
5366732886
6452973822
5821903773
6364738309
6970495798
5114696598
6415678330
2199681054
6897372806
6069988721
6035256585
6038468961
5719138017
2266566034
5344329419
6118354491
5835550442
5129807917
5975174166
2315297590
2741078500
5020076086
5729786927
6458979791
6439822295
6966510261
2135516331
6078738443
5316634043
5967060571
6589060625
2471525804
5526207034
3828736287
3017274695
6099212495
6411559625
6847858983
6031246522
6423190931
1839988087
3812650153
2704577802
6113314425
6722663068
6233543524
6261767958
3074963741
3314300027
6905735747
5865716388
5537925838
5873020155
2279863734
5881889191
5850625854
6255850317
6750475308
5464556771
5684785145
6446997587
5149932713
6899417415
5270971627
6577661378
6184320065
5671255874
6785000731
2703753811
6787213111
6264326424
1848395323
6800182661
1686844137
6534566291
5644586699
3040826115
6013796199
5092701671
5187736033
3291625805
5577786177
5641925568
3518478043
6901492940
5890355889
6264966946
6714766462
6113206707
3956579389
5565693943
1214215500
6032378622
6537293617
5447027032
5953672211
5909210222
6941894222
6872085349
6940400588
6892401831
6313385165
6138307623
6660935179
2340085975
5826786920
5651515105
6321154099
2218742440
5247582648
6100380495
5474984070
5467775198
6410190844
6938835573
6082027399
5825889594
5663045801
6901519573
3768905270
5232351729
5138105621
6594393689
5694389059
6937121083
1862840155
2713353910
2191883852
5736600217
6509539907
6013603082
6148488582
6475766156
6405766664
2679335591
6492169428
5287332682
5857287918
5242019060
6607983458
2230936071
6062642444
6010874495
3487303705
5885766505
6314383907
5692156094
6022033929
6298204697
5938021104
5580855036
6618117014
6863865058
5808310247
5882620455
6881356434
6574425468
2680336161
6407912039
5875870139
6878659194
3248482640
5785011771
3990531695
5936494223
5894450129
5511810237
5403807596
6567282784
5977069685
6540781715
6118509067
5581294219
3187321914
3570366885
6897324032
5862003697
5635645542
1936311582
6537345717
2008991727
6404595352
6519016852
5706156480
5183566197
6747473417
5790405058
5972733033
5795008877
2098914613
6438902148
5955330212
6686468638
3059674875
5310136014
5913095612
5884606389
2454165224
6858817245
6112079471
5671667439
6889700634
6200290825
3165706040
2012742601
5012125581
6322881854
6823599080
6920931648
6306643299
3719003391
5794293605
6351723110
6070499271
5866041302
5574609070
6932921187
6220611346
6468299800
6083688903
6551287276
3960930637
6192329940
6166653389
5838872710
2716169913
5581466593
3512604061
5093050377
3568457273
6358545966
5222797756
5098987949
3120451443
5226937323
6283604518
6926300018
6932354267
6213724313
6582694508
6199276159
6427516377
6563849600
6373421991
6314328110
6931898832
6189425992
6420202768
5942198636
5562001575
6008962100
3740232055
1874847277
3542201002
5833456826
6005507930
6478435064
5373593352
6446383969
6693950297
5850388479
3164519297
3082097531
5657723906
6355657163
5615287252
2250468957
6339471218
6520016983
3032961073
5403161299
5326705242
2778225990
6800763498
6128620600
6458980969
6621558415
5992779181
6066226412
6180266746
5230759423
6451098050
5510143181
6137562558
1936479287
3600961270
1643137477
2159417852
1103022124
6158337128
5896701103
5654820441
1500461680
5658151077
2099470072
5654898705
2102611242
6331385696
2081179204
6493394875
5200800824
6083516014
5243703987
5980501543
3966106203
5908004287
5251238743
6323054716
6017274013
6678396799
1916942712
5712708754
6850386756
5993636770
6360117824
3630372641
5762827882
6486844184
6553968519
6329772704
5494954021
1939518951
2190060697
3944717052
2158206877
5919815340
5625409695
3002604432
6554701452
3844360450
6465698821
6671994880
2770113373
6670437318
3091054511
6493087929
5236181305
5614355415
6130742847
3100895695
3174664551
6085468738
6915396639
5779782115
5858046170
2442008864
5524818914
2828021102
6523271117
6450994328
5016414916
5819266651
5499215125
1963775487
2979563297
6394059262
1397157495
2105301553
2300253115
2550909697
6078785249
6456165308
6575601227
5806527160
3965970407
5537253286
6929142142
6155128335
5103876878
5828889485
5274014484
3186642800
5172310388
5578828353
2313715134
2711411793
5014777810
6389933269
3469317524
6481083315
1824878641
6308075821
5713503228
6373884903
6184270662
5061897470
5514965723
6928234494
6928028843
5516534329
6479998206
5043279225
3127242983
5983015935
5654462224
6118371959
5737297720
5811937329
5581595119
5570441821
6429778911
2421102524
6061988489
5978803756
5875226944
5681279429
6483873995
5426552498
5654635459
6135190405
6001394769
3668808687
6627641762
5970000232
2113514523
5669032510
2803807170
5944622643
6766233499
5109444452
6729257352
5014962410
6317476114
6352285982
6009434526
6015005966
6491748888
3847996261
2168288534
6178565246
6921111212
5020444725
6923344736
6347829431
5789923712
6389793551
6303464390
6118304351
5124467200
2873143764
6459073031
6583852012
6548509032
5043031326
6077181148
6034219807
6508464399
5856613582
6921039225
6331441836
6013848081
5891057111
6911273963
6481044230
6174738122
6163284031
6836907645
5697457194
6436296107
5953128599
5780565934
6227638146
6817564109
5289797667
3244656274
5609384769
6389441510
5429048102
5246327900
6480378035
1370635383
6815280909
1871148862
1935251675
5904651688
2980513123
5875080537
6422402101
5947183542
6376923104
5901107996
6516769736
5822806683
6354199870
6825756989
6156093863
2316170023
6520576800
6870810037
6015761178
3559085422
6918834992
5865514021
5668449299
3192723363
5921041813
6086030001
5992235183
5654107287
3525382697
5969669743
6179992892
5926831462
5344135258
5856330376
3167838932
6352051448
5548153664
6065408662
6917578353
2503586380
6914603941
6369344955
5887413870
2794754054
6528017864
5036510986
6094937080
6806105008
6618191682
6867069386
6523333729
6913948214
1569071330
3291576293
2426371007
5845803137
2655039443
5491890112
5678478206
5724294325
6054296152
5945679728
1953005963
1822383115
6405596540
3174722673
5970580081
6593274583
5192084332
6050625098
6915276430
6466689381
3502367124
6915187802
6023391248
6071837162
5227379850
6017110102
1902864651
3707783472
5627745440
3748199090
6015108188
5534980251
6080424053
6346591193
3183416832
3626778442
6599011268
6364136960
6012421203
1007702313
5649246537
5784322621
5556954693
6857117050
5714977244
2671129604
5847745145
5573524574
6327932597
5225822481
6538532299
6901900192
6599121602
6465614492
6910921781
3929599820
5931856329
3209179433
5969266975
3949522621
5172724762
6819746641
6138399430
2332341905
1581122627
6561821309
5637883346
6508613233
6010650878
2516189142
5849424518
6436309767
5367954785
2994325963
5509121804
5656034879
2046050882
5027835791
5527974812
3512878132
5608238886
3504768463
6518293616
6502651437
6593751501
2611257613
5568265846
6384377507
6002404795
6067230770
6334551968
6902875084
1810302117
5896324788
6351028503
6913894534
3715488662
6124668166
2391256630
3307549060
6536192026
6266052399
6611835888
5607793081
2071986990
1726299163
1766827115
2811921965
5659017033
5164373206
6912523715
2547102033
5661250838
5580306038
6304974976
6322708216
1004224123
5070850170
5860422471
6215721887
6020486104
6814373343
6023903238
5680931187
1257065022
6884815841
6643577601
3568189895
6524372575
5772822832
5601896989
6490383398
6616819465
6080411583
5627439335
2512523244
3348639884
5997424736
6410644484
5668598237
3625037955
6085504733
5863302526
6530402586
6372898817
5856041201
5997255486
6630500949
5711677091
3108434355
5864370217
3423866874
5979272309
6129953355
5193587216
6533439929
5445820099
2023525915
6870559838
6453838557
6649977940
5136898081
3553239615
5304276822
6324197938
6457441562
5304083655
6891586891
6327800849
5482530893
6031136747
6506924981
2356749315
5879378285
6034522793
6331746673
6366259485
5488459444
5139834114
6599741489
6146779970
5608159994
2162737267
6864146934
6135227999
5586526878
5228649521
5376407223
6907211534
6553637838
2609669021
5406644071
6817427451
5656477169
5635393075
6907111989
5854878910
5311232969
3196699153
6737857556
5248480982
2319693650
6539087661
5389744770
6123925089
6109067195
6904337974
5880199473
5994560269
5269726323
6387500237
6128482279
3505760275
6644200395
2292908580
5373233410
6190136585
6106259495
6337742845
1516358555
2880371324
6903497180
6212695059
1679825940
6264996338
6882203737
5856559827
5362587936
6552416994
6836051425
6124410559
6868250340
6617371742
6746705594
6852439242
2293051381
6897429567
6010974346
6788989976
5848543745
5611121867
6018549947
6064614803
6016199015
5966952805
5680261657
3126258927
6234610296
5101678557
6453182384
2673530211
6502121606
5557889235
3693654637
3735310685
6533230796
6462614504
6539223790
6241781763
6858160865
6065148772
6493062588
6419875699
6900594632
2562619450
6403752186
6316242787
5948689410
6850789208
6591328394
6746512109
6299306432
5017065973
5536746459
3947272861
6896128788
6209938105
5646956528
5137531640
5860462433
6894999239
3664794753
6618157472
3549192892
6615913255
6580505853
6336925598
5221972059
2297560864
5354343339
5767853365
5304105342
5233423341
5637890059
6135426203
5128121882
6035381570
6642951986
2672145682
5840436517
2438076924
2092902522
5245292846
5453940890
5353308340
2692395182
2509985835
6897175607
1224665493
3202512417
6678758542
6343039432
6032725613
5326974777
5034421341
2298573205
5936741751
5676999552
5523843179
6164978225
5501637102
6451697400
5714416506
6346558341
5576892727
6653551966
6585614639
6542646714
2594750227
1294713155
5999783604
5819655111
6298401585
2920954684
3603251655
6019473528
6154606071
6323375839
1674613691
6081545054
5345887329
3248909244
3021746533
5870171472
2933402285
6230739423
5819278877
5557743294
3646443531
5277549813
3584384801
5984849047
5872659847
5957999290
6621346761
6879459239
2699542153
6210114059
6603522234
1918342137
3584833544
6646808362
1796213883
6500499074
6897585054
6126106814
6879367725
5245129803
6897632256
6412910825
6482028743
5581861253
6865153685
6446009780
5512714078
6660830472
6325837447
6453575512
5848551096
5166913204
5981874227
3368084354
3091105255
6166767662
6877969175
6594116889
6737099472
6747265362
6016062366
5859605481
5863073383
6005700299
3864865127
5750635907
5266126364
6394933662
5881121542
5617130132
5947315603
5746925040
2293156614
5680927021
6376573292
6037525555
5673581788
5617952089
6659866838
5097129565
6442744382
6160622497
5581130012
6725250163
5888662020
5552576754
6199281823
6887281056
5087808925
6096262945
5661660478
5975017003
3170409461
2384620812
6136325138
5323525982
6486670331
6375741667
6409697952
6067438397
6864583994
6625720954
1160103910
6543918061
6005011183
6503834816
5517966821
5933702350
6583082042
6568934807
5108739404
3607952104
6576760020
5609497289
6579807367
2963653190
6422243975
6078698609
6612294028
5783389964
6014952639
5859921047
5032179223
5460822610
5271826244
6426476505
5334114887
5517179914
2465526144
2140654782
5124948188
5657456255
5830843499
6616480426
5224044059
5494066052
5513058010
5982571285
5556375630
1343388724
6886433839
5890964080
5861245670
6017562883
2674046620
2685579101
6481000259
5991949431
5422229395
6606432512
6890264352
5524004065
5268103226
6747032485
6720146271
5525488442
6429967974
6639167313
6853966530
5849117616
3745624750
6018484497
6880777032
5536349959
5645651610
5948494706
5710907878
5825105891
5779263401
5452187046
5536746422
5707106713
5974658643
6225037569
5689466170
2767654417
6798344948
6048200103
2095410522
5724702124
6568041751
5555119748
2711461652
6671611088
6443836539
2146875284
6874679517
5237900668
1864834125
6354752807
6217471425
5676435571
5855844257
5532548056
6762502630
2750647413
6482932485
6869110451
6217703476
2741659244
5784902744
6520622647
6076736292
5242918750
5463739637
1739173354
2896489900
5860421168
6790291228
5576287230
3649758292
5445079474
6627976603
6620644056
6882261005
6568651164
6302544529
5932565075
2978024492
5771592193
3684306374
5038742466
6203955981
6576860935
1111518472
5417678504
5772898034
3183370994
6591373354
5931625832
6340835637
6334930534
1954402734
5349296768
5673009524
6362411445
2153748783
6076571712
5092618713
5300763632
5890079573
2516021464
6447839480
5347290534
6772019160
6672437201
2598401650
5854363599
6632167371
5683073760
2021579583
3729202653
3017055187
1086631343
3922032712
6851079342
6655998804
3805292806
3138629427
6784354613
6415519991
6582379783
6573201238
1408044711
5460903210
6620127115
5286779179
6630682562
5514247504
5171067679
6526596563
5969628519
2724369070
5679866348
6651145342
6296670844
5978724308
2813979072
6196683611
5234003340
1921686747
6720894014
6346627835
5794700872
5820266994
2306306790
5613109012
5346676215
2098528615
2258082282
5478521353
5772195719
6026498634
6162886917
5534951352
3721494693
6503410889
6444330997
5329141619
5100515500
5671612965
6624615945
6016067999
6871637314
3905919822
3970955902
3094832231
5706416943
6587562270
5541726766
2877308834
5335439330
5718000322
5576008627
3288028260
1302302553
5865905275
5904428742
5568411183
6068524963
5887739929
2542479135
5611867132
5985062587
5597754919
5391792892
6519213311
5723585982
6838653515
5693893611
5664722944
5920390022
6056679665
6890314742
2534368132
6460484006
6890304512
2477546385
2161272177
6348940642
2476015631
6710937708
5810545197
6621222354
5890059275
6190375092
5266203056
5957809294
2951006407
5225599497
5261836679
2356404284
5984893020
2127809740
5643629969
5389687766
6510118711
6002361276
6518268776
6814262862
2345097272
6111462027
3225948015
5882305414
1881153550
5247673923
5513299248
3095659507
2496736812
3883016888
5508506452
2708112045
2601143501
3227120893
5995039462
6886023469
2611489947
5557264397
5353182126
5176884525
6618460100
5663378507
6072043622
6023780300
2106975240
3478086140
5604012180
2845162050
5696044494
6016115431
5852519103
2197519440
6756485212
6606218487
6817605955
5360251981
5596027607
3976152523
3865618969
2820567194
1596547493
6575270439
3244863402
5890254021
6889711474
6870683278
6314656663
6744993825
6224707388
5212699579
5220546589
5393173944
2677952934
6206065259
6680892980
6262325772
5480361745
3095158357
6864678562
5494342841
2274852674
6344042283
6030030660
6823795625
5873513593
5124921417
5632556597
2378119551
2113094193
2607439275
6618356186
2120808450
5708556043
2355168092
6556875045
5960620172
6549286559
5585843327
5873356366
6611683641
3697785570
5203310176
3218615520
5617773568
3812756986
2825162381
5404084695
1831921604
6053149616
6610864766
6354923711
5972475570
6180387628
5310924252
3924812663
5610783448
6274149686
6692054195
3501830265
5229334153
3519662917
6499594599
6606980382
3496396292
5460633530
5687996275
5822449771
5660020514
6343868577
5603409654
2791186881
5997453254
5921543333
6725057554
6322088534
5317734669
5889695150
5251332295
2298838261
3187813872
5680252185
5075811707
2621683391
2546825275
5318163684
5146109442
6675603245
5318528459
5974577457
6649697238
6075984445
6301595215
2441865433
2830787247
5037062995
5912450697
1931086127
5999707554
6224363679
5659220395
5972723768
2012350363
6174624225
6699120230
5662582871
6026246622
6888382298
6021475269
5690573572
5392141512
6560816775
5593195238
5379800793
6341551847
6527090831
6318407359
5250220643
5941199629
6482555011
6008924582
5105866627
3242042605
3626872662
6006449678
1239322325
5822341257
2516249640
6058448627
6710994686
3947192333
6362166066
6587573185
6193881487
2680908333
5767738341
6461050244
6165665971
5658768996
3152632802
5544618550
5709046014
5655950208
5372481293
1931827091
5511133438
5905613294
5643984464
5983415021
5699595231
5592305156
5935582771
5283843884
5220099750
2293304844
5579418288
3018130077
6522948787
6338178965
1767136085
6583469730
5283680819
6040879647
6313507326
5819001036
5774675489
5643534569
2573141174
5513899112
5575506394
5109425255
5890494872
6548882618
6887395617
6403760754
2849654853
5988713211
2056708270
2826048213
2240074010
6156015288
5210902422
3053581981
5980015555
6077948549
5091144723
5482918747
6331069202
5894003640
6886947072
5841729708
6375084920
6481976593
6065552261
5599851319
5900051838
5159201716
6325737174
6857297214
1558916941
6482395042
5261896242
3560983451
5653047549
5531495167
5443914989
3158174944
5586613282
2656749591
2354459584
3003388511
6494557984
2607127137
3315508655
3860295027
5239391406
3200678914
1582629600
5932400166
6874251448
5583654840
6254828328
6513627752
2144657754
6525359330
3727396683
3291615460
5487815129
3250314122
6362960408
5865634149
5581713401
6283639466
6176532466
6885811514
6675396760
5836603008
5884425143
5866454482
6070462542
5724284655
6631094787
3564765331
6049996468
5116396300
5613915153
6412006487
2509742745
6456203459
5645028465
6091845061
6040131623
6397029914
6325909166
5923106128
2108467963
5838382057
5970159646
5931876002
6422617497
2033190012
5627774324
3255064092
6008075887
5082381951
3579898077
5567338718
5372924552
2947582534
2921821577
6632874148
5417567671
3026501055
5948276967
6122490160
6857988232
2270830941
6115550831
6040339811
6331183232
5775920155
6224017174
2662275541
2837872573
6367561196
3206811057
5817065808
6047563091
1203508662
3218189932
5782603259
6635890114
6222270516
2212430604
2407899573
5307233057
5905492558
6270521244
3201586035
3639695824
5882288535
5526722572
6182104363
5637770789
6408581639
6532494300
2981700204
3309971123
5872919891
6156993954
2392118333
6581348410
6476734051
5369372199
6737080699
1734075602
5486011771
5772775073
6886232390
5574972172
6108108376
1820975723
6731672103
3177416715
6273407553
6882855192
6521741584
6642782332
1892257770
3665875927
5698723871
6522790306
6654400484
6706095633
6557413583
3319868991
3313174432
1107608551
5182917418
5229512213
3943894224
6132409944
2382347053
1799604357
6363118685
5856916272
5223958130
2668411953
5999418821
5525496364
3796857994
3458205584
5618926038
2542833283
6493931223
1201992622
5979787865
3852114527
3924216008
5194286892
6002952868
5235830154
6460617392
5922085318
6572993475
6072822924
3747436371
3171057267
5871919339
5366677581
5882442589
2230247377
5091283545
6383780965
5232954526
6657649690
5841708102
6686865886
6856054030
3234970147
5414785250
5726339756
5234598016
5497609358
2269973667
5999476511
5885829977
6094736878
5029340855
2044734747
5075471701
5493495430
6286512117
5714937274
6094716693
6593264369
6661192028
2476911591
5991765457
5667001614
1796068961
5850595037
2412306057
2708102902
6801966618
6585388171
3290508232
5764667244
6150679481
5637010052
5016916667
3579190835
6250679538
6477637551
6255762788
5175170811
2951868274
6587413728
5733495167
3752503027
5619581174
5521630801
5655791223
5578059072
1829769080
2141484852
5633285907
1929002877
6830985723
5774539933
5368816439
5936712494
6847182311
6412429308
6619075707
3529545084
6224654540
5526717674
1005683763
6307855775
1992533443
5941739022
5502317594
5623122051
1814823460
2021099447
6023677481
1731582747
6067417954
2052504043
6177698624
3504537504
6613287748
1964126422
3149654604
5685506870
2035413543
5524098036
5245945215
6000209836
3208187732
2432218834
1969618107
6057449397
5832627002
5280476882
2336579934
6021236194
6674910669
5771670919
3846997042
5601581795
6742238285
3160917000
5643065207
2145756610
3709030704
5534407749
2487642712
5857154820
3942726848
2491526674
6550833616
6538113381
6361120473
2069217011
5980058778
2691131015
3218487500
5461385691
2836462703
2389536135
2392889575
6451053780
5594505854
2335759400
5834423830
6716662072
2148479714
5622102010
1935399285
2824199064
5263597591
5602081391
2486050424
5898642841
5315216633
5992029562
5488011994
240192175
2068351813
5243049732
2341508445
5644949159
6577911063
2245958607
5708058406
5760095689
5516064588
1750483440
5856647091
2813632727
1767364732
2546737832
5357012038
1987585307
5625265003
5890725335
1956175505
2289229455
1624082857
6319559811
6130885597
6329103191
2620436245
2843554734
2655030811
6386117445
5573733708
6490326850
5963944825
5999159820
6245962286
3993039052
2901535121
1585659352
6572299142
6237661090
5905840564
5555614958
5896174523
5927196965
2878662450
1568157367
2919929962
1764455683
2796110970
3800815554
3298997432
1780806527
6156175170
2135488897
3227656504
6296852336
6208136912
1841804601
6522155198
2141850480
6573674476
5869949468
2934378810
2602323294
2769163224
6606220160
1773563140
5847801050
5834544085
6584073182
6586254014
5607847019
6445567587
3960735985
2907345573
6503409831
1952088637
6280763619
3823587641
2249225411
5228702164
5699601457
3560585710
3616070302
5918789662
2690221544
6865964368
2881945014
1790170691
1790024704
6339229667
2948136572
5863360334
6859384078
6444069872
6285453486
5476615711
2106208041
5694890213
5138639544
2662859573
5559747640
6444554084
3655738220
1902890747
6058989303
5817421687
5647114895
5404094920
2916952911
5306886668
2566408730
3945010825
3318061691
6293133186
5653295757
5887661775
5143360155
6305564323
6043710839
6290899620
1593552997
5680483970
6387691945
5502985855
5023267613
5681158946
5239901472
6680177963
5604392463
5991248702
6067989122
6327002861
5352988879
5688276033
6104125953
2460457885
5979846535
3036997760
1102381494
6124416326
5632195102
6137877711
3430614960
5411094096
2257631787
6005248158
6876312585
6017804052
5694661396
6292290696
1751345463
2542549145
6158567562
3186776384
5170630708
6375414754
6534607414
6357948911
3529396240
6514794830
2154351435
5067532121
1863833517
5606464960
6579989601
2301170621
3307217021
5644367670
3947520215
6462183566
1905973565
6663324504
1667403943
6310946774
2527066573
5119066888
6157688512
2402719817
3036213867
5671490741
6519092358
3892332941
3264672744
6124900597
6588723385
6055930577
1937652081
1667025097
6489019395
3248465150
6503805811
5885593590
3840358745
6575169626
1820800457
5696882583
5179132135
2815285387
5577318303
3929464185
6590338468
5977964670
3172761864
3204578605
6411221136
3820352707
6489714906
1934539757
2094167814
6694961326
2716967211
6098916895
6603473908
3158717622
3923678410
3318843865
6597147304
2821668604
5268786237
5856246531
5718399313
2493272400
5633584257
5631669551
5464529425
5099473600
3016530167
2306956104
5167261302
5216938200
5224103273
3565970413
2019506582
5581880445
2320172152
5928881782
2950174571
5571154233
2165685491
6298293363
3301991101
2219774390
6291333368
1827184170
1997203237
6259890689
5373936893
6826073616
2344718453
2342908272
6378059507
3989770895
3288376044
3211870850
6630421510
2526269751
5857715558
5554922994
6077052020
3602587292
6322998871
5855979323
5405173589
5848796723
3967320783
5854820478
5891115033
5844093098
5063552823
3152438864
1588472027
5639197062
5675690851
1833746435
5673128447
3970767532
5600688311
6068871830
5713664008
1046719073
5318702547
5411109270
5964200733
5846374316
2683746043
5813797176
1750741793
2515603941
2449698421
3948688740
2304102663
2262096252
5245166231
5658401415
6338205816
5513518098
5643064852
6237016066
5471264290
2696125325
5436847913
2169608992
2291790021
6412362086
1927410655
5061318379
2795796701
3870381407
5859501795
5825659953
2858034154
6279363858
3875000030
6745229031
6668203194
3956806502
6150347486
6330098877
5436774028
5605069392
5325249512
6445748217
5238271294
2331153111
6504545587
1202415494
2393162100
5148842328
6301084036
5610406228
1916877741
2846638642
5474873541
3829341529
3130203291
5419485160
6564491714
1839692743
5202102210
6323289331
6385623317
3028713743
2958105454
5041474649
3095301165
5586629447
5283629105
5931269978
5768522567
3894149646
5888025357
3612715343
5624036411
5410820806
6388721445
1786144475
5203742540
5448486015
5647757870
5315305513
6599355712
1950166023
5654175252
3882586443
6869905163
3037213814
2164655883
2060676962
5772786498
2359596294
3890593963
5997819934
5474643991
2627497313
3722008304
5043871255
3973523970
5509411289
5024952336
5613476105
6347222380
5524356740
2545964092
6496262178
6059309893
2564528621
5344182783
2719694697
2116792032
5701511783
5239198402
6606230190
5670103179
5308645381
6014719120
2438010740
1511473643
6025474195
6751627361
5705864149
1349529617
5205386290
3806755842
1785866847
2863699475
2682865943
5626524638
5863068247
2023093977
3690676192
5208673781
5319376936
5203109694
6096124212
3861091298
5404236675
1950201791
5845193749
6495607493
2939480903
6031137920
6089544002
2739913872
3975631890
5338876845
5136454481
5100419092
3314865887
6490496493
5782508091
5625720994
5680518012
5299568490
6342225122
6299583814
5649278061
3273803041
5904450540
5027126224
3036242037
5979070411
5779929196
3322268464
5308930274
5163217339
5584386983
3135298491
6084676282
5234492149
5579752519
5622049384
5534139781
3847561114
5711323511
1924851813
6876721202
1772231974
3626758470
6531320154
5774739938
5331637022
1964027375
5977124163
5897855370
6589121005
5013181942
5644551594
5685028410
5665299128
6421019098
6610755788
5371541609
6198825702
6881975667
5615082140
5673226320
1836496990
6076825688
2860120012
2784233907
6191074884
1010314604
6267687267
6326632747
6590794686
5299324722
3184145600
5226104276
5538095133
6273362977
2107211507
3950943403
5908354182
3964944874
5225171516
1214302070
2978671771
3221219773
6548804171
6160612862
3386226112
2943706012
5616361072
3905939306
6037066703
1949753453
5977922269
6345233025
5672349851
5293530991
5680248777
6593631666
6716432536
5478814956
5618706817
5725958859
2802817292
6233389052
5655399671
5436330063
5833947812
6115330312
3448642294
5140027449
5034097092
5020090132
5738382832
6536927134
5188152589
6021062736
5532813759
3629469000
5216977151
5343957154
5973039732
2105411815
2617762873
5532549979
6504854147
5896739632
3775394531
6299923993
3929656398
1945007434
2377064651
3158998344
5667728888
5974749367
2003491545
6032885203
2834773785
5912541110
2826829842
1583132774
5503689781
5971791080
6539795839
3276936222
5894947926
5415617960
5928056870
3269147290
2410308553
6109748717
5880448682
6324216320
3898494187
6462320365
2767799290
3201019015
6411987824
2972308132
2815783123
6019815475
6679217312
5776546893
2168937645
3311082445
3048947127
2930272913
3089966977
2240423675
5863733868
1805533422
2606690707
6381158708
3414864162
5715745094
5999847178
2977263264
5606533740
5841712811
3791650554
6208929712
5264210411
3732826170
5349828319
3191507450
5653053041
6570232483
6215097868
5631537280
3230058981
6529124543
3616352453
5932802399
5782349226
5354301504
3108647921
6022431815
5626119064
5371534366
2644631121
2709043933
5688420359
2331647195
6037962583
5350326444
3909070883
6577332421
2476971527
5025123420
5991379146
5194070677
6840272259
2732913321
5614332964
2246695044
5944200926
1171752860
6416452705
2293647311
6580304364
5854256717
6233832924
6050478615
5724674332
5715806211
5711944268
5490214784
2468060725
5092397320
5657120464
1111681565
5436527102
5393028200
6657852578
6458634204
5656942671
6147318516
6131008879
5670093052
6873906628
3250204641
2676626121
3694379711
5958497418
5550682522
5127700610
6301661164
5484710178
5968883455
1659408733
5801609854
5180223430
6220539028
5149680692
6205490789
6417446431
1396700925
1809197402
6021227952
1479924123
5405067084
2803359787
6573200166
1995502745
1775541594
5881086029
5934465063
5505674023
6350418133
2085649020
6398163350
6374942058
5458479574
3719016380
6077757599
5506098378
6598646293
5749980480
6183209440
6017781407
1066887622
1013392405
6787708919
2788047532
5756337001
6722065982
6763976703
6009066247
1674882515
5815410623
6301552502
6358167151
6346808431
5548110587
6400939277
5661099518
5605692456
6459562234
2209290692
5792500459
6445582870
3746777913
2084170313
6871759375
5665285656
5039823611
5849092537
2757186847
6505312037
5724135638
3986582068
5896162380
6879070581
5857704758
5626572872
5876613523
5706158886
5319990709
5653168446
5874757817
6622438006
5625078170
5047032291
6657370654
5672766038
5914073275
5599660657
6384962594
6531379602
5451814089
2979827041
3206897381
5279828343
1612868732
6362485841
6053658510
5977326111
5699366143
6576926284
3368694532
5766558756
3699997644
1228552540
1962491281
3159926643
6153109974
1580412634
5616960752
5977279633
5697394195
5900030029
1608017163
5098800374
1248952750
5642202551
2184091681
6374004129
5651741683
6284973391
6056604242
6056513048
2126159097
6321283922
5792223894
3709914623
2329534714
6005398120
1797582693
6404500458
6013094906
5683706780
1722763614
2670396672
2473687124
5351364776
5414182629
6314584759
5158795136
6329675296
6126233337
5844920559
1802072517
5984082712
6611895464
5733066838
1777676387
6856707918
6236980516
6625533854
5457218957
6670855058
3216993807
6812118668
2218731062
6095751021
6560685922
6413098275
6489015296
2827746012
5063070969
5885389163
6503832872
5171714397
2051331195
2916278007
5523914895
6483038148
5680704168
2386546634
5092735479
3973913592
5124647589
5899680572
6474801815
5300564326
6737322833
6478507278
5991479262
2308097072
6720496239
2317449720
6466700194
5835691949
5663059727
2189375521
5200292980
5551699109
6622240907
3502152343
5758678397
5669462842
5160148264
2836174830
5714747421
6122668339
5260808352
5263553527
6506195077
5791928891
6152948065
5329324233
5773662420
3179322302
2317095317
6591471973
5208572583
5940350355
5281816835
6364449651
6785269692
5490267583
1841156512
1878199963
6052215174
5379584425
6619304414
6498400872
2644579751
1838211574
5874831978
5284218757
2729809035
6400960913
6753819124
6205124311
5100652102
6866684493
6489655264
5580534853
1262947235
2925133100
6104014963
1890040245
5693845943
5602850130
3208257632
5332164298
5871728290
1631142870
5403997623
6589612517
3574515087
2255498747
5301284126
1770146165
6210768466
1271500204
6507212734
2887654552
5619325365
2484038755
6489759700
3016684097
5506123863
5601987722
5499985971
5591116890
5549362779
3886705356
6478120296
1597253954
6626362808
6352612730
5130379111
6258032376
5718294778
5969963006
6592136795
6477894072
3181757350
5977143605
2312940653
6266023152
5579890971
5714477600
5678915147
5930707536
3687111822
1877123227
5731488643
3216377503
6606290680
5819497987
6368874084
6093023342
5889586045
5396919861
6585023891
5947252732
5606698819
5136435811
6053460670
2546703671
5232376876
6469138315
5591235206
6191164950
5723431675
2310620152
6035026505
6380463224
5541883605
3571801162
3207792680
3759476711
6212213241
2644079747
2704907931
5653114892
2711296672
5417631253
2772157592
5548896838
5594044276
6265189005
2834793392
5628627648
5598878219
6025570957
6576031629
5811297759
6004780978
3315270435
5455874522
5017046872
6535738636
6419805572
6383395926
6732204815
3609356222
5555375702
6074451157
5887595508
3867730594
5880354136
5606701463
2971487470
1381012365
3559886490
6078714565
5533695687
5542808396
5048743728
6500773439
5482930225
5625071677
2372717745
6175581803
5021762434
6502074312
6449853135
3911372941
3960889871
1916438947
5354111123
6502081521
2885681775
3978435449
6652085804
5873093673
2622632142
5675827363
6720320851
1637938534
6591142089
6507836729
2440069351
2006784623
5873837219
3669230697
6298348102
6780958747
5738541266
5524183948
1869522981
6854948020
5999708398
5129787255
1864896420
5073699140
2201273141
3612673590
3299851822
3252179330
6179018424
6310165883
5797823748
1009247344
6658862489
6338309407
6862081648
3233316970
5393106150
6132484195
6535230537
5784937236
5222056316
3206082037
5442441087
6136317936
6736362083
1041239627
5664753813
2919870647
6854504715
5876713621
6153332247
6104960665
5812232496
1621250550
5086162244
3278171907
2210344932
5229319055
5620415930
2047045797
5631497798
5973668466
5610582320
6350941835
1348463244
3199850982
5507854972
5522893282
3776094725
5735066607
2048425830
6838758818
5544218415
5532776557
5239404192
3090996231
5950121525
6173751614
5696543679
6487436883
5651978122
2209421505
5639852902
6585057315
5758738813
3914619856
6622336099
5472205903
5843561262
5484141654
6477051413
2680684922
6042046495
5203875221
6444474717
6197196817
6011979820
5876390118
6262882730
6475271725
5581069900
6449434582
2484718741
3229230275
1174214563
5733765763
6571499674
5646535738
2701277862
5548583898
6605196691
5933758242
5999381002
1853498334
3720361467
3098021581
6179755233
6271029298
6346728957
2931993313
2390553291
6233108677
1907068542
2140873280
5235270685
5634100063
6395424176
6413138662
5935949008
5661065651
2805154084
6616361927
2629556112
6463470435
5567615495
6014578154
6727127468
5631092570
5708946297
5638529048
1976876733
5711902363
5281151273
6323975073
6123191820
5580141069
2528531882
6127783156
5660257559
6537873454
2165373962
5070125328
5593002423
5797508362
3981384175
3737694663
5911443470
5406953009
6609470898
3520317400
6858738227
6054038986
3462459494
3961164509
6320794489
5889969256
5315437185
5271631934
3630667971
6461159320
5838405339
6505115076
5870333355
6069317269
5463676473
6785987099
6606978772
6032714589
5564946917
5416178833
5228096062
2947122457
3210413877
5251277368
2458263837
5404211722
2377385807
6831917668
6857368788
5815772628
6249347306
6530638870
6538888635
3014230337
5234836120
6399268299
2748815211
6458122512
6456651550
3261444494
5306364679
6854325261
6027905180
5594894494
5761642547
6090656606
5596472389
5656259648
6854189271
6223658796
3221639802
5349969927
1203682611
5540276925
2827715894
5839825917
2317212235
6387458198
2706564151
1924900075
6112119462
5602529901
5767939551
5506449811
1161274993
5576898844
6517954534
5545803628
5661814902
6557659115
6052238421
6222436066
2652965193
5365679198
6129850294
2692369611
6538828604
6628584563
6537168161
3887195308
5486287922
3538296380
5509364815
6592294262
5225190470
5854014925
3040952317
5814254616
6581208036
5986041208
3275946245
5140701267
2852129782
5872647311
1480648592
5013984539
3548279334
6171290535
5359509030
3533396677
5444469064
5124880790
5767171681
5487836108
3973300814
5243138262
6496095049
5884244498
1888866962
5537784765
6314586668
2856413684
6774784586