UID 微博数 关注数 粉丝数
6524936121 2 113 2
5823145052 117 152 114
7031605347 8 31 10
6564593815 262 1919 441
5868367314 5 378 6
5261625104 6070 1594 426
6002047724 89 94 5
5646921587 392 260 29
2384935430 210 359 251
6643401510 4 91 7
5516751666 1 79 7
6116592855 3 217 10
6018555097 0 24 2
7031554557 4 63 27
6860122253 25 21 49
5988717880 0 74 5
6300892638 21 185 8
5784284497 195 457 753
5662959485 7 215 53
5088958232 482 364 26
6518669884 12 26 3
6786936777 8 16 2
5553515345 132 205 24
6738968214 0 20 2
6390374268 1 71 7
5682766423 1362 1306 91
6942082692 10 189 135
5923246145 6356 602 331
7017092098 1 33 2
2817010097 1897 669 90
5149051345 516 188 86
5657108647 39 386 82
6667250273 177 2801 4
6994477763 2 66 2
6660597935 185 2905 13
6600225378 151 2728 22
6938209372 4 80 1
6733940689 324 1633 8
6646914833 92 1185 28
6899102041 128 1607 2
6991321491 4 96 1
6753406882 28 439 4
6602733037 277 4515 15
6668355191 220 3454 13
6601391034 120 1911 11
6646859668 122 1663 39
6664933677 226 3751 18
6600697935 128 2263 14
7029295496 1 52 1
6724345769 72 1051 25
6827103130 168 2441 11
6899160105 88 1216 10
6666761993 240 3823 27
6621820191 198 3042 15
6600311291 203 3383 13
6815461796 114 1767 2
6741391918 118 1848 12
6925443183 3 84 1
6857292835 84 786 9
6559872584 199 3153 27
6629222325 302 4576 20
6601700168 220 3583 13
6603295921 241 3945 37
6992130349 3 82 1
7026174412 2 60 1
6594266910 192 3331 18
6599110348 227 3626 18
6670495803 105 1761 2
6599481128 279 4558 32
6599244266 99 1672 11
6915934158 10 178 1
6608467859 157 2574 16
6596041109 193 3180 12
6639122416 127 1717 28
6600407603 180 2980 19
6604604843 173 2770 12
6845917733 102 1485 1
6827053110 167 2405 18
6642741005 270 857 12
6734488280 67 1022 2
6670482636 118 1868 8
6599718978 96 1621 11
6899101832 127 1599 7
6577368560 209 3315 29
6664894714 223 3723 17
6859801869 114 1147 5
6753406595 28 433 2
6580806208 175 2968 18
6608434808 171 2708 7
6668463533 211 3384 20
6915725526 11 164 1
6553824993 297 4700 25
6912344383 11 214 3
6741719458 143 2208 19
6581467198 202 3227 17
6599717435 96 1625 8
6928628016 3 83 1
6598795153 263 4268 31
6603280325 241 3958 23
7028259056 2 89 1
6764725966 297 353 45
6559833751 281 4383 24
6768367761 920 1091 139
6645021518 172 1417 34
6602721746 240 3883 14
6666761866 235 3736 15
6580444586 219 3376 28
6767088829 436 1543 159
6667126839 202 3133 18
6668612492 208 3317 17
6668354119 237 3789 32
6630003679 234 3790 15
6856791997 85 848 6
6646030183 562 1917 162
6977170360 3 75 1
6602076542 130 2316 7
6582354324 262 4191 22
6815330053 100 1504 2
6660593183 137 2059 9
6558340153 239 3864 20
6629469221 301 4619 31
6769494263 959 1244 114
6768055135 366 471 33
6602235576 277 4462 27
6669329803 117 2032 12
6600676538 147 2693 5
6604803695 175 2829 14
6662025010 185 2894 10
6936480871 2 69 1
6924425593 3 84 1
6637484937 106 1376 11
6743758526 243 2451 17
6600821240 196 3275 16
6638279034 109 1527 45
6919564512 6 120 1
6668634674 220 3485 14
6936480690 2 73 1
6965215354 3 84 1
6998551125 3 91 4
6603333653 222 3606 16
6629477195 223 3612 13
6668520274 213 3462 13
6593390194 200 3163 23
6606444627 163 2758 8
6856791573 85 842 3
6597064961 245 4041 26
6599754160 85 1504 16
6826645037 170 2470 12
6900357315 41 622 1
6805019940 86 1348 7
6980706332 2 53 1
6992968588 3 80 2
6608434453 206 3321 13
6603878983 299 4847 26
7026582401 3 85 1
6668717543 248 3950 24
6667389349 222 3553 19
6846417851 92 1355 5
6599191050 256 4101 17
6815314055 112 1729 7
6798199208 83 1174 5
6649895893 163 1282 35
6914964956 11 202 1
6630852065 255 2703 33
6607254944 200 3249 25
6597767243 233 3972 20
6599392990 292 4717 26
6820276483 85 1310 2
6915468445 11 153 3
6667204446 204 3277 14
6993722387 2 68 1
6857735299 83 808 2
6666870759 188 3006 10
6604785296 173 2793 12
6607468122 207 3217 22
6594349257 178 2884 20
6928363178 3 85 1
6600628125 282 4769 26
6561525956 105 934 18
7002385368 5 112 1
6604124491 173 2774 11
6559733608 197 3084 19
6599657490 279 4473 25
7028186131 2 89 1
6883392816 61 923 1
6927108477 3 83 1
6996088889 2 67 1
6605088918 188 3009 2
6600150180 279 4797 21
6559731498 198 3102 17
6557859916 277 4210 18
6595531783 147 2419 13
6698398741 104 1539 12
6607944343 214 3603 22
6602679672 170 2893 22
6671481568 106 1760 6
6601223197 221 3562 13
6920355936 5 116 1
6602224660 279 4522 23
6667125545 246 3914 19
6912343620 16 241 1
6663230068 165 2598 14
6599652758 278 4491 12
6604628115 209 3416 17
6600762461 154 2668 16
6920355914 5 120 1
6671807645 152 2364 17
6559707159 198 3123 22
6899720761 46 710 3
6599347877 107 1824 15
6671879816 124 2013 22
6900201991 53 813 3
6733931875 325 1607 10
6939671087 4 98 1
7026825020 2 84 1
6600674397 276 4662 26
6604328379 176 2772 19
6642744194 120 1355 45
6671659393 161 2579 15
6606997775 212 3316 26
6667124994 249 3966 34
6555170673 127 1827 17
6603773339 300 4848 23
7027375291 2 60 1
6668716376 246 3946 21
6899924006 19 313 1
7028613991 1 31 1
6559661278 201 3152 28
6648569504 113 1567 38
6664604795 227 3751 12
6554664743 300 4723 29
6900201800 52 783 4
6899101228 117 1510 3
6769531053 411 1541 153
6643855251 188 1609 40
6595684977 238 3946 22
6994252912 3 78 1
6593363570 229 3640 22
6601205561 221 3567 15
6607520556 217 3470 13
6605131904 162 2772 24
7024821905 1 30 1
6900356978 37 580 1
6608109374 204 3366 14
6662020522 186 2810 17
6775880587 88 1377 8
6668838446 171 2696 9
5833924633 9 140 8
6594444701 193 3164 22
6662872224 154 2247 2
6856786805 82 869 5
6604986908 190 3068 21
6820453220 106 1568 6
6833457556 62 978 1
7027370670 0 0 0
6582436474 204 3273 25
6663001150 185 2872 22
6924384401 3 83 1
6596936258 215 3647 15
6599692238 240 4110 16
2678048464 154 175 192
6667012370 177 2755 16
6698323317 119 1804 2
6667190273 171 2683 1
6601030860 243 3911 18
6134362780 11 75 58
6593697327 229 3651 27
6899088065 133 1622 3
6670587893 205 3296 12
6559213604 158 2589 20
6884046255 57 840 2
6592299733 124 2154 9
6604207335 161 2694 7
6859675553 71 753 2
6074835449 10 85 7
3296071535 43 1811 779
6668591127 211 3369 13
6996053315 2 68 1
7024800318 1 29 1
6668651724 230 3619 11
6797808542 28 332 2
6594704199 189 3256 24
6858912736 75 737 1
6663595649 176 2605 7
6600754157 269 4313 17
6664098034 227 3768 17
6919554413 5 129 1
6596564357 161 2792 1
5268825344 2 42 3
6970277171 3 85 1
5177248707 38 51 57
6601940130 128 2159 12
7023563927 1 20 1
6601491364 209 3601 14
6993251025 3 81 1
6900538709 37 541 2
6807814375 84 1309 7
6582717159 311 5005 27
6912247970 2 56 2
5985685602 0 46 2
6599481328 275 4491 39
6600946669 210 3525 16
6597522751 295 4852 33
6602768357 302 4986 24
6644528532 159 1269 35
6601424643 150 2687 21
6558726359 247 4088 28
6668520688 303 4547 27
6580757400 259 4185 19
6605962648 96 2210 19
6749110394 210 3054 9
6604224015 192 3188 16
6668313807 226 3383 15
6596467680 232 3863 25
6637650168 109 1538 40
6668519001 217 3424 29
6992408688 3 80 1
6898496288 43 633 2
6744737963 136 2055 11
6605512621 209 3403 18
6769205279 500 538 70
6594543561 151 2741 16
7023540659 1 30 1
6662490962 172 2715 23
6667062691 233 3673 15
6898359943 126 1576 2
6593645661 179 2975 21
6598656329 97 1638 12
6598816485 277 4559 18
6664367880 228 3694 19
6602440070 134 2373 12
6597942883 291 4725 15
7028136682 1 59 1
6102737417 385 153 27
6666939925 299 4523 15
6622028340 206 3157 10
6637674439 210 1790 45
6899764022 34 556 1
6670853009 166 2740 13
6937247579 2 53 1
6638195806 10 137 1
6833130080 0 0 0
5018150390 0 0 0
6595975841 0 0 0
6597528753 0 0 0
6932636872 0 0 0
6760931136 0 0 0
6926989543 0 0 0
6741840548 0 0 0
2031220217 0 0 0
6900158064 0 0 0
6594491595 0 0 0
6593977357 0 0 0
5331692622 0 0 0
6600582421 0 0 0
6600132918 0 0 0
6600941771 0 0 0
6584941786 0 0 0
6899111123 0 0 0
6666811236 0 0 0
5776949728 0 0 0
6561450806 0 0 0
6650627970 0 0 0
6599376829 0 0 0
6599571565 0 0 0
6075722589 0 0 0
6125334881 0 0 0
1847329060 0 0 0
6596061891 0 0 0
2822373757 0 0 0
2929503935 0 0 0
6982528343 0 0 0
5316330763 0 0 0
6588222836 0 0 0
5912600505 0 0 0
7025174778 0 0 0
5556081661 0 0 0
6383389427 0 0 0
6797151574 0 0 0
6351873706 0 0 0
7012632309 0 0 0
5830012814 0 0 0
2576684295 0 0 0
6299608952 0 0 0
6414263100 0 0 0
6721233309 0 0 0
7026737821 0 0 0
5831390752 0 0 0
3970538071 0 0 0
5484967989 0 0 0
6252894628 0 0 0
6617285798 0 0 0
5711195897 0 0 0
6137509979 0 0 0
6171168090 0 0 0
6603240082 0 0 0
6981598104 0 0 0
5969880686 0 0 0
1563221533 0 0 0
7021497832 0 0 0
5900963638 0 0 0
5441520453 0 0 0
6081529266 0 0 0
6568420894 0 0 0
2577387181 0 0 0
6649574888 0 0 0
7010954197 0 0 0
6407146781 0 0 0
7026223575 0 0 0
5895834963 0 0 0
7021813437 0 0 0
3524395647 0 0 0
6214659875 0 0 0
5573885655 0 0 0
6313297882 0 0 0
5742829984 0 0 0
6134941505 0 0 0
2267568452 0 0 0
7025102749 0 0 0
6468878925 0 0 0
2474552361 0 0 0
6303179197 0 0 0
5831089074 0 0 0
5531617887 0 0 0
6800819333 0 0 0
6749592754 0 0 0
7024233619 0 0 0
7021909128 0 0 0
2190109132 0 0 0
6885441720 0 0 0
5667401096 0 0 0
2610578013 0 0 0
3805158098 0 0 0
5995905866 0 0 0
6811302716 0 0 0
2189276894 0 0 0
5871121371 0 0 0
6379375255 0 0 0
5611536024 0 0 0
3846453119 0 0 0
5895108168 0 0 0
5415079275 0 0 0
5287568368 0 0 0
3213695105 0 0 0
1751068934 0 0 0
2594417987 0 0 0
2719112087 0 0 0
5063805553 0 0 0
1791928175 0 0 0
5128028623 0 0 0
2275650404 0 0 0
6347246165 0 0 0
6297204339 0 0 0
5839598957 0 0 0
5486260431 0 0 0
5264063572 0 0 0
5943509242 0 0 0
3714547133 0 0 0
7023883451 0 0 0
5887953414 0 0 0
5527954038 0 0 0
6144066713 0 0 0
2742181702 0 0 0
6489644185 0 0 0
5807773207 0 0 0
5912658053 0 0 0
6207386405 0 0 0
5052696644 0 0 0
7022661554 0 0 0
6657340544 0 0 0
5178402764 0 0 0
6500845502 0 0 0
5859531129 0 0 0
5652528528 0 0 0
5510872512 0 0 0
5936476253 0 0 0
3283481140 0 0 0
6999959617 0 0 0
3235087543 0 0 0
2580592100 0 0 0
6861052296 0 0 0
7020637203 0 0 0
6785636325 0 0 0
7020575432 0 0 0
6874949051 0 0 0
1700132664 0 0 0
5995882963 0 0 0
6213881661 0 0 0
6474032511 0 0 0
6888132893 0 0 0
3035808380 0 0 0
6049639225 0 0 0
3008633025 0 0 0
6835970982 0 0 0
5690378997 0 0 0
6317569861 0 0 0
5588183892 0 0 0
5594225660 0 0 0
7020077639 0 0 0
5890989602 0 0 0
5539830333 0 0 0
3297824237 0 0 0
6499512797 0 0 0
5856795806 0 0 0
6150898332 0 0 0
5689225204 0 0 0
5386350545 0 0 0
6852213300 0 0 0
6993030949 0 0 0
6157859057 0 0 0
6178151282 0 0 0
6936621237 0 0 0
6601267220 0 0 0
6150269111 0 0 0
6604996872 0 0 0
3913665855 0 0 0
5379761230 0 0 0
6493088089 0 0 0
6625789187 0 0 0
5685519985 0 0 0
6993914770 0 0 0
6174836009 0 0 0
6555296198 0 0 0
5651109119 0 0 0
5216430424 0 0 0
2143948702 0 0 0
6623081919 0 0 0
2696874314 0 0 0
5686776894 0 0 0
6965115666 0 0 0
5762029677 0 0 0
2009109401 0 0 0
5898466175 0 0 0
5604845601 0 0 0
5717304076 0 0 0
7004456642 0 0 0
6991100343 0 0 0
1806440922 0 0 0
6413458795 0 0 0
5890653845 0 0 0
6450230405 0 0 0
6582684714 0 0 0
6994406654 0 0 0
5355774067 0 0 0
5995692408 0 0 0
6502234485 0 0 0
6769147733 0 0 0
6468750923 0 0 0
1954166727 0 0 0
5060164945 0 0 0
1884408133 0 0 0
5334263695 0 0 0
5591515185 0 0 0
5845938698 0 0 0
5739755390 0 0 0
5361005439 0 0 0
7000846492 0 0 0
2448072625 0 0 0
5268069129 0 0 0
6996022887 0 0 0
3087678575 0 0 0
5924324804 0 0 0
6598468872 0 0 0
5973631118 0 0 0
2267617192 0 0 0
2631737357 0 0 0
6372399012 0 0 0
2948834225 0 0 0
6016012156 0 0 0
6510748380 0 0 0
6809269143 0 0 0
5502627147 0 0 0
2794767252 0 0 0
3610427237 0 0 0
2158234130 0 0 0
5845520552 0 0 0
5347915352 0 0 0
5749095500 0 0 0
5781049802 0 0 0
5697653829 0 0 0
3317958370 0 0 0
6435594649 0 0 0
5537900009 0 0 0
5694150082 0 0 0
6870695364 0 0 0
6990745193 0 0 0
6617426777 0 0 0
6020218537 0 0 0
1878154145 0 0 0
6525084835 0 0 0
6980040351 0 0 0
6524124225 0 0 0
1666934357 0 0 0
6540613401 0 0 0
6049733894 0 0 0
5063502738 0 0 0
6525654521 0 0 0
5745379693 0 0 0
6345404372 0 0 0
5177576320 0 0 0
1821513224 0 0 0
7007967539 0 0 0
6013133546 0 0 0
5861366126 0 0 0
6460415928 0 0 0
6739748419 0 0 0
3296068524 0 0 0
6293321226 0 0 0
3748840827 0 0 0
2854304570 0 0 0
5457793284 0 0 0
6631002629 0 0 0
3215855500 0 0 0
6212174395 0 0 0
5524316763 0 0 0
6158057265 0 0 0
5745013759 0 0 0
5844916438 0 0 0
5696047565 0 0 0
6326172392 0 0 0
6592891910 0 0 0
6577115392 0 0 0
6250363885 0 0 0
5643689105 0 0 0
5884196433 0 0 0
5626926984 0 0 0
2355603595 0 0 0
6236545687 0 0 0
5675786764 0 0 0
6554482479 0 0 0
6628739887 0 0 0
7013425214 0 0 0
5537828272 0 0 0
2439017940 0 0 0
5525923003 0 0 0
5990234613 0 0 0
3253809313 0 0 0
3300143162 0 0 0
5987042769 0 0 0
2063469281 0 0 0
2667214951 0 0 0
1664685027 0 0 0
6363838395 0 0 0
2857456632 0 0 0
3258586322 0 0 0
1869576083 0 0 0
6976225706 0 0 0
6226119160 0 0 0
2034984815 0 0 0
5332867559 0 0 0
6387277471 0 0 0
1964413821 0 0 0
5589039492 0 0 0
6889014563 0 0 0
6770076438 0 0 0
6870633374 0 0 0
5845502489 0 0 0
6965153993 0 0 0
6546753855 0 0 0
5781361017 0 0 0
5719742811 0 0 0
2519928297 0 0 0
3858238590 0 0 0
6296816670 0 0 0
6327207083 0 0 0
5598892643 0 0 0
3412075230 0 0 0
6281079374 0 0 0
6818340738 0 0 0
5650207537 0 0 0
5914735698 0 0 0
6424860177 0 0 0
5497308642 0 0 0
5482377522 0 0 0
6229869294 0 0 0
3007936153 0 0 0
6179892273 0 0 0
6569761640 0 0 0
6460381517 0 0 0
5669536775 0 0 0
5885330357 0 0 0
5637907405 0 0 0
5108775833 0 0 0
6919685804 0 0 0
2551732624 0 0 0
6409747069 0 0 0
7010770818 0 0 0
6486047255 0 0 0
6249239345 0 0 0
3761685412 0 0 0
6567253280 0 0 0
5263559092 0 0 0
5471238534 0 0 0
5730789243 0 0 0
5700161485 0 0 0
5855487392 0 0 0
3600888864 0 0 0
3921136959 0 0 0
5309000839 0 0 0
2413936314 0 0 0
5731036450 0 0 0
6303963728 0 0 0
5568430073 0 0 0
3536380832 0 0 0
5663095235 0 0 0
5729421454 0 0 0
3362486754 0 0 0
6711765954 0 0 0
5506890594 0 0 0
5642754936 0 0 0
3268052887 0 0 0
6835843049 0 0 0
5541887226 0 0 0
6649427076 0 0 0
5464415351 0 0 0
5500236425 0 0 0
6243861493 0 0 0
3811100216 0 0 0
6976817932 0 0 0
2938687741 0 0 0
1922487964 0 0 0
5970673352 0 0 0
6982152327 0 0 0
6302268034 0 0 0
5610347538 0 0 0
5189522570 0 0 0
5671028258 0 0 0
7009030313 0 0 0
6501673454 0 0 0
5391836803 0 0 0
6797756299 0 0 0
3176530830 0 0 0
6571969700 0 0 0
3623704242 0 0 0
6538161721 0 0 0
6378573280 0 0 0
2160226585 0 0 0
6492215736 0 0 0
1665205753 0 0 0
2431880703 0 0 0
6377637829 0 0 0
5713031125 0 0 0
5862183631 0 0 0
6603956317 0 0 0
5656209221 0 0 0
5547105535 0 0 0
3996419094 0 0 0
6158115126 0 0 0
7000264053 0 0 0
3464794522 0 0 0
6995340675 0 0 0
5848105062 0 0 0
3242117412 0 0 0
5019425338 0 0 0
6975740431 0 0 0
3054054987 0 0 0
1948711745 0 0 0
6871538432 0 0 0
6045934418 0 0 0
6364590089 0 0 0
7008532140 0 0 0
5355389189 0 0 0
6672495362 0 0 0
6672495362 0 0 0
6036026249 0 0 0
5670916416 0 0 0
5977850603 0 0 0
5586520719 0 0 0
3675795170 0 0 0
2785008064 0 0 0
6538101552 0 0 0
6504991609 0 0 0
6107850992 0 0 0
7006693333 0 0 0
5932098369 0 0 0
6319252405 0 0 0
6522810779 0 0 0
6504536998 0 0 0
5899789296 0 0 0
6070941162 0 0 0
5515546443 0 0 0
6856747064 0 0 0
6833877309 0 0 0
5536672421 0 0 0
6890351536 0 0 0
6918798426 0 0 0
6600337874 0 0 0
2790257655 0 0 0
6534306204 0 0 0
5180209574 0 0 0
5909224739 0 0 0
7005278852 0 0 0
6642825711 0 0 0
7002312118 0 0 0
6414271431 0 0 0
6470998762 0 0 0
5681349355 0 0 0
6895971081 0 0 0
5967111551 0 0 0
6896381421 0 0 0
3874641087 0 0 0
1906113535 0 0 0
5909144858 0 0 0
3148696191 0 0 0
2237323555 0 0 0
2199067262 0 0 0
6340496693 0 0 0
6071795106 0 0 0
6693890085 0 0 0
5893703219 0 0 0
5223400255 0 0 0
6519729451 0 0 0
6487536119 0 0 0
7004513279 0 0 0
5354278953 0 0 0
6969388824 0 0 0
6969702802 0 0 0
6856014247 0 0 0
5631138095 0 0 0
5376581976 0 0 0
6366382212 0 0 0
6975730563 0 0 0
6423931903 0 0 0
6673885554 0 0 0
5888833151 0 0 0
5973034194 0 0 0
5111887430 0 0 0
6570004963 0 0 0
5391179061 0 0 0
6552468162 0 0 0
6132474429 0 0 0
5882735929 0 0 0
3100616920 0 0 0
5647850315 0 0 0
5576787902 0 0 0
1267577374 0 0 0
5241521026 0 0 0
6975683992 0 0 0
6460763666 0 0 0
6517758525 0 0 0
5981685004 0 0 0
6936744704 0 0 0
6057327014 0 0 0
6801951153 0 0 0
5925829134 0 0 0
6397556899 0 0 0
6247226608 0 0 0
6570163465 0 0 0
6671707466 0 0 0
2308577025 0 0 0
6915440869 0 0 0
6508218897 0 0 0
5732989702 0 0 0
6879914941 0 0 0
5872362246 0 0 0
5974548823 0 0 0
7000787397 0 0 0
6124123644 0 0 0
6909816948 0 0 0
5988117049 0 0 0
5318699209 0 0 0
6970277860 0 0 0
6559509482 0 0 0
5799101925 0 0 0
6307868953 0 0 0
5180007859 0 0 0
6132276875 0 0 0
2532402750 0 0 0
6163340938 0 0 0
6622938435 0 0 0
6495402848 0 0 0
6999482589 0 0 0
6502118214 0 0 0
6800745975 0 0 0
6633003204 0 0 0
6889453197 0 0 0
6052321589 0 0 0
3980877514 0 0 0
6999256017 0 0 0
5706139845 0 0 0
6083961860 0 0 0
5530638932 0 0 0
1610594464 0 0 0
6736435666 0 0 0
2490845414 0 0 0
6037291177 0 0 0
6994786248 0 0 0
5603679175 0 0 0
6576695169 0 0 0
2958912804 0 0 0
6961397886 0 0 0
6023560258 0 0 0
6423020052 0 0 0
5755449289 0 0 0
6989864236 0 0 0
6087874767 0 0 0
6905872367 0 0 0
5724002811 0 0 0
5898669584 0 0 0
5858095754 0 0 0
6889386839 0 0 0
6488889986 0 0 0
6997571504 0 0 0
6345429694 0 0 0
5880855060 0 0 0
6857800526 0 0 0
1786257963 0 0 0
1893030217 0 0 0
1750282130 0 0 0
1884631594 0 0 0
5846302283 0 0 0
6657530527 0 0 0
5309299154 0 0 0
6130899806 0 0 0
5242402772 0 0 0
6617451484 0 0 0
6477745338 0 0 0
6983853007 0 0 0
6987347776 0 0 0
3613049917 0 0 0
5102074742 0 0 0
6513270438 0 0 0
6004481087 0 0 0
6996057283 0 0 0
6572406216 0 0 0
5513593894 0 0 0
6553617675 0 0 0
6559501825 0 0 0
6349578173 0 0 0
6997219359 0 0 0
3514695127 0 0 0
6513363670 0 0 0
6533858809 0 0 0
1956539614 0 0 0
6738627115 0 0 0
5173127111 0 0 0
5519591103 0 0 0
6856366597 0 0 0
6328743652 0 0 0
6720111053 0 0 0
5022636418 0 0 0
6993276074 0 0 0
6234951474 0 0 0
5517174272 0 0 0
6977829203 0 0 0
6865169748 0 0 0
2517180480 0 0 0
6588757473 0 0 0
6268718054 0 0 0
6368587953 0 0 0
6468225852 0 0 0
5409065493 0 0 0
1579318973 0 0 0
2552080307 0 0 0
6968576459 0 0 0
6558966394 0 0 0
6004773825 0 0 0
1725512435 0 0 0
6934187012 0 0 0
5932355992 0 0 0
3259933970 0 0 0
3037291672 0 0 0
6192457328 0 0 0
6319268815 0 0 0
6063490206 0 0 0
5950151529 0 0 0
3034829574 0 0 0
1956614575 0 0 0
6419724884 0 0 0
2991017023 0 0 0
5842217056 0 0 0
5902593184 0 0 0
3955382083 0 0 0
5785034909 0 0 0
6696377164 0 0 0
6990922680 0 0 0
5849101395 0 0 0
1563805685 0 0 0
6990407380 0 0 0
5699929648 0 0 0
3720938965 0 0 0
6441724829 0 0 0
5888891735 0 0 0
6538871950 0 0 0
6711734562 0 0 0
6299311583 0 0 0
5307264656 0 0 0
6616303236 0 0 0
6340211169 0 0 0
5466057753 0 0 0
6599548997 0 0 0
5750722291 0 0 0
6508328803 0 0 0
5966848055 0 0 0
6030726778 0 0 0
5268413312 0 0 0
5597163303 0 0 0
5546369775 0 0 0
5714830082 0 0 0
1632330157 0 0 0
3575690624 0 0 0
6993150205 0 0 0
5478375382 0 0 0
5344191315 0 0 0
6993553219 2 79 3
2101914774 25097 478 5976
6720686223 1087 233 17
6159723406 1 93 12
6196177539 113 288 73
6459830113 0 71 2
5978964549 17 174 19
2769416901 180 1239 135
5705531476 1850 63 37
6583999506 12 56 2
5560872952 23 51 32
6600287574 0 9 2
6708467943 49 212 6
5850166354 0 80 3
6222024907 25 102 38
6020393299 25 322 29
6592421169 5 93 12
2582582457 4321 373 164
6980365864 5 37 11
3173273017 5 531 166
5983762387 3 147 2
5718616019 31 83 19
5211558799 146 422 284
6508888782 2 40 1
6192426331 14 292 34
6489256408 126 348 20
5818566699 350 307 33
6210720187 4 36 10
6126837419 7 273 42
5913481389 29 44 11
6048670337 13287 665 857
5637909792 97 217 100
5569331446 265 551 119
1829490894 2472 759 372
6554856199 120 225 21
6126262436 9 89 17
2750558122 7 29 2
6119587854 6 123 10
6984464331 9 129 7
1787840711 30922 1184 3416
6254315821 17 129 15
3968069685 103 182 307
6342533478 152 1027 932
6604970630 9 102 1
6520917001 0 66 4
6504107637 77 161 6
6434875313 22 43 15
5948398791 18 191 38
6919819742 0 79 1
5856978210 480 84 13
5299036191 681 432 158
6923168517 43 52 3
6990376172 1 15 1
6064488403 5 13 5
5861327430 25 53 2
6539017205 5 533 23
6274165419 1 70 1
5123808420 49 198 15
6522378079 293 265 3
5642202750 35 189 67
6416774903 9 87 16
5417334435 40 157 24
6977444879 0 33 1
5978989009 1 18 1
5356702225 71 113 29
6856028902 7 101 17
5363730374 1749 1340 526
5263788984 5409 416 841
5581798548 627 322 62
6935236117 0 17 2
6118631066 81 164 48
6990666301 2 124 21
6581832067 7 35 14
6990183772 3 38 6
5844061679 338 469 75
5319438960 4438 920 338
3904527851 171 279 229
1506710153 2482 458 9102
2260250262 498 247 32
5840261565 3 142 12
6988751748 0 42 1
1033793855 17463 1951 1964
5266150559 129 354 40
5937963852 178 148 15
6856148114 1 45 20
5505884089 480 128 42
5627755120 371 302 65
5285664513 3593 868 82
6126431716 308 239 232
5880048396 760 180 86
6734213896 6 58 11
6283766023 4 78 3
5356684132 1218 963 202
6989628465 0 80 2
5969782378 4 185 80
5116187191 105 69 25
6581844188 0 28 1
6407317763 0 31 8
6189855322 57 157 28
3952004358 572 715 111
5252776382 8428 510 167
5777214154 0 43 1
6109918727 99 215 89
2076311237 3376 730 687
5694862328 1130 592 290
5671949878 6 64 33
2143673483 1687 745 783
5250629364 132 190 19
5675215571 136 168 31
2692024832 2064 281 126
6143044600 41 479 65
2263718723 13 1432 3864
5900179423 612 236 198
5482206962 2554 1627 679
5658901252 37 33 19
5325675988 528 553 221
6280021530 5 41 6
3100488421 1482 530 430
6077147163 139 112 28
6989822743 3 56 1
1055408833 107 74 29
6985629493 53 142 50
5937651639 4 15 4
5480788723 191 207 90
1665680140 33890 865 2188
6083359420 479 183 121
6345607196 130 107 80
6578869178 24 81 11
6661458381 9 178 6
6579499598 127 115 15
5594859639 816 654 1737
5494844680 51 194 43
6488557804 6 344 12
6134366061 31 1175 174
3239162181 3 43 27
6962520677 0 26 1
1771412277 4632 345 366
6502411239 5 25 1
5189798577 57 54 43
2630255701 28143 536 273
2264377213 8547 609 290
1936406661 1867 810 200
6522615126 103 327 105
5729894076 59 155 1143
2143580490 3856 590 106
5086640705 1444 337 191
5553885732 362 490 152
6600396174 27 441 23
5208919722 3579 398 700
1560046523 1953 432 4433
3824466393 299 73 25
6616362595 0 45 1
5019533795 36 17 11
2651284514 1150 339 485
5268703534 924 347 100
5994549085 72 171 51
2245399833 467 996 733
6630389876 23 267 65
6746820918 26 75 11
2310550765 1502 209 1710
2943914611 6441 1357 868
2139733714 72 171 43
2323983117 592 103 371
3977127984 294 365 129
6178067165 2 40 10
6310936560 48 811 285
6600021405 63 286 11
5529123066 1494 2242 710
5460737618 318 865 1142
6374949311 34 64 24
5177305807 9254 4214 401
1033511852 69 223 24
6990446943 0 12 1
6216911937 2 134 25
2779865751 7056 929 653
6459733797 26 86 4
1676160747 11 15 8
3293963335 314 209 75
6974205960 5 60 1
6568048710 0 115 2
5081727491 9 271 23
5511588567 109 207 30
3188486724 188 231 90
3001171505 206 132 394
6438095800 529 776 404
6725240375 94 719 1312
6463308655 75 601 42
6221396491 758 318 152
6259907884 405 255 21
6499768912 0 57 36
1955257993 708 473 525
5941931459 632 212 138
5392597866 32 86 47
3493541487 2502 490 7383
5164802845 186 497 101
5350154673 361 189 650
5998235342 214 329 98
6233768752 23 103 21
5750029732 4307 363 222
6405240064 317 618 782
3123177305 123 107 94
6179734643 9 177 92
5234262627 768 1588 117
6210116350 304 405 46
3803332445 26 317 17
6132170542 0 94 19
6413995420 542 599 126
5013477620 222 132 169
3189833627 493 348 82
5574304890 6976 415 351
1845768612 104 130 32
5968607449 9026 1340 872
6896324564 273 408 33
6316053356 1249 247 70
2853149474 98 139 27
1839582967 11539 624 2827
5680378769 1726 307 290
5447107116 29 156 11
6058003740 20 63 1
5568572927 7303 2968 284
2418273661 9 37 5
2357606923 21 254 38
5219527331 91 202 59
6391693363 9 24 2
6979634804 0 13 1
6990389807 0 17 2
6499300609 82 87 3
6473459426 7 281 143
6893968150 20 90 1118
6657208100 1 136 22
6672878558 43 292 55
2009095821 6706 335 207
6560956303 3 34 2
6040702148 33 227 34
6518375504 130 841 110
6304183314 33 126 2
5859591865 2 19 8
1614683083 89 42 28
5273807352 0 32 1
1367591317 323 356 28
6831226653 18 174 19
6741743175 0 33 3
6002845296 6 104 1
5538750476 172 264 74
3211388247 2 51 1
5672334427 1 26 47
2688303144 1299 2216 612
6135000848 270 1891 255
6246109926 32 136 20
5971049070 66 57 37
5277556324 49 246 37
6611617694 0 32 1
5655709285 4267 1108 250
6628238234 4 33 6
6962348049 0 14 2
6980940911 0 5 1
5837523603 402 635 39
3862003078 5215 1006 230
6981135553 0 9 1
6860547835 5 81 4
1843315577 175 913 90
6142725775 13 191 76
6112680615 0 43 33
6413050399 2843 356 127
6561436528 0 331 7
2310551780 186 67 20
6111065966 6 35 13
5986377651 58 54 25
6572308031 0 65 6
5859737472 354 678 580
6498085935 27 113 13
5346916226 79 108 6
5797576974 111 105 15
5239332711 247 379 178
2452893447 1202 222 338
6618632335 5 77 20
5979039098 51 236 2
6445922381 34 332 173
5992514161 0 82 13
5292225267 46 226 50
6233129221 0 39 10
5943974689 15 57 10
6735450781 18 184 34
3327653890 354 1067 85
1696694250 8 83 23
6354779055 0 15 5
6025837400 249 291 437
2681296671 49 302 55
6346808188 105 209 310
5051801429 1 159 4
5947458984 319 114 81
6690634571 105 86 30
6319368138 1 33 2
5455766386 340 118 32
6978714134 0 30 1
5839728042 79 360 18
6262162831 324 147 1602
3901185953 37 94 30
6118629482 12 29 11
5986076570 11 86 19
6586739839 2 18 1
6923747923 1 24 1
6627792340 1372 944 170
5459673843 3185 896 410
5382620035 88 86 33
5667022355 239 150 77
6985088492 0 9 1
6394797744 0 199 35
5650275698 2782 883 134
6504138110 18 261 13
5581991304 74 86 23
6042582170 0 16 1
5599490112 9 124 20
3195714215 1174 3553 11907
6773527283 42 202 4
3270475904 1 41 2
6814198660 42 58 52
5513460278 320 257 66
5919814845 334 754 59
5857343656 3 48 35
2602210717 432 327 84
3225996521 164 279 94
6986777287 41 207 42
2540711425 556 147 60
3537275473 1033 382 92
1561458180 794 582 47
6979298475 0 67 1
6086091172 3152 100 59
6007186910 153 137 14
5436310401 72 91 49
6974864944 24 28 7
6987875811 0 31 2
6716288421 0 23 1
6026865183 242 555 25
3495192323 408 470 21390
6364601061 1595 205 53
6402106109 90 462 34
2153854071 85 604 47
5655318815 779 206 249
6279463227 273 482 266
6614768009 4 243 14
6411115547 1234 93 119
5022881030 1077 338 28
2188155655 2 315 173
1287356745 4496 713 438
5656557545 144 216 62
5671551612 1681 834 66
5542895377 181 163 66
6035760660 343 751 1216
6164459461 338 301 99
6493295650 4 346 43
2956283914 423 126 109
6920481399 9 144 2
5666679809 6 29 24
6656420136 0 15 2
6897363228 122 80 1
5818560172 3052 630 81
5534489036 2564 473 710
6896088079 0 8 3
6059254488 26 495 106
5992729522 334 203 40
5600256692 312 465 30
3184001632 1131 165 98
6120663644 966 83 115
5753856009 242 625 146
6107546808 1491 449 83
1934761963 488 127 87
6452805584 228 527 3253
6064475179 1554 930 26
6350115766 1 44 1
5678707538 19 135 6
5087801914 3925 462 60
2688289987 1090 484 283
5850461901 1575 460 56
5851026136 4 109 22
2690012893 5 4594 318
6028203128 191 93 63
1607396501 2876 315 197
3613155127 1007 556 37
5698371589 53 545 45
6411450231 0 0 0
2543473762 0 0 0
3951111497 0 0 0
6631712807 0 0 0
5686173294 0 0 0
6049769106 0 0 0
6326630576 0 0 0
5682973800 0 0 0
2019975413 0 0 0
5646578504 0 0 0
6419282448 0 0 0
6484154917 0 0 0
1840705825 0 0 0
6818605287 0 0 0
6033334691 0 0 0
5538404618 0 0 0
1654211191 0 0 0
3691021822 0 0 0
6324589778 0 0 0
3169786264 0 0 0
6871873381 0 0 0
5849536502 0 0 0
2037639950 0 0 0
6106113170 0 0 0
5705940979 0 0 0
6266771005 0 0 0
6502402059 0 0 0
5621558925 0 0 0
6120426303 0 0 0
5896060118 0 0 0
3538320111 0 0 0
6458001702 0 0 0
5125510725 0 0 0
5715516143 0 0 0
5960615871 0 0 0
5184286425 0 0 0
5720369655 0 0 0
5214039470 0 0 0
5555274271 0 0 0
6818747315 0 0 0
1923239982 0 0 0
5966720369 0 0 0
1854600040 0 0 0
3846757945 0 0 0
5024023654 0 0 0
6091312388 0 0 0
2816916785 0 0 0
5516636609 0 0 0
6186270476 0 0 0
2696976884 0 0 0
5468866989 0 0 0
2864305964 0 0 0
6559044077 0 0 0
6546936731 0 0 0
5669971815 0 0 0
3022099767 0 0 0
2001211611 0 0 0
5234990651 0 0 0
5968247281 0 0 0
6015928045 0 0 0
1202449600 0 0 0
6137589496 0 0 0
5669564167 0 0 0
3991139467 0 0 0
5211710013 0 0 0
6508053398 0 0 0
2548825195 0 0 0
5723203040 0 0 0
6587076256 0 0 0
2887963760 0 0 0
5997165498 0 0 0
6593350822 0 0 0
2588339777 0 0 0
6004191550 0 0 0
5970602479 0 0 0
6317746368 0 0 0
5851364621 0 0 0
5529803236 0 0 0
3993857282 0 0 0
5894561884 0 0 0
6507094224 0 0 0
6070190516 0 0 0
6810922568 0 0 0
6083898733 0 0 0
6486866531 0 0 0
6542442354 0 0 0
6461201514 0 0 0
5970631509 0 0 0
5867890192 0 0 0
5871607281 0 0 0
1819051552 0 0 0
3658657851 0 0 0
5799076976 0 0 0
6678802390 0 0 0
6303888838 0 0 0
5892695165 0 0 0
5979596655 0 0 0
5520883008 0 0 0
3701541140 0 0 0
6737463954 0 0 0
2795354964 0 0 0
5344146333 0 0 0
3385323390 0 0 0
6147160317 0 0 0
6792842165 0 0 0
1833852520 0 0 0
2302192294 0 0 0
5896557053 0 0 0
6070583784 0 0 0
5893082307 0 0 0
6379160547 0 0 0
6466486612 0 0 0
5863006558 0 0 0
1688912622 0 0 0
6067921490 0 0 0
5839320055 0 0 0
5491808956 0 0 0
6032807920 0 0 0
2813819217 0 0 0
5675332558 0 0 0
1171873992 0 0 0
5687708040 0 0 0
5891203279 0 0 0
6611989140 0 0 0
6941187140 0 0 0
6539997546 0 0 0
6986603199 0 0 0
2203926964 0 0 0
6039382051 0 0 0
5898433629 0 0 0
6818089604 0 0 0
5875242124 0 0 0
6616676985 0 0 0
6285766620 0 0 0
1790283732 0 0 0
6489842366 0 0 0
5621938545 0 0 0
2184245494 0 0 0
5931244888 0 0 0
5856965826 0 0 0
1778768901 0 0 0
2854363090 0 0 0
5932833850 0 0 0
5663679532 0 0 0
5136275655 0 0 0
6588703049 0 0 0
5312755197 0 0 0
1826374070 0 0 0
2292773520 0 0 0
5723714610 0 0 0
2251192243 0 0 0
5631931128 0 0 0
3605508267 0 0 0
5691070503 0 0 0
5225050854 0 0 0
6533162814 0 0 0
1781006353 0 0 0
3282178075 0 0 0
5494717457 0 0 0
5118288536 0 0 0
5186738334 0 0 0
5232920702 0 0 0
5884978651 0 0 0
2458371664 0 0 0
5859838592 0 0 0
5837857159 0 0 0
2712575762 0 0 0
6174779944 0 0 0
6461054838 0 0 0
1732264711 0 0 0
5876699378 0 0 0
2835866385 0 0 0
6332186749 0 0 0
5986653824 0 0 0
2866954872 0 0 0
5314539873 0 0 0
2290860167 0 0 0
5655526941 0 0 0
6505237573 0 0 0
6770364786 0 0 0
2841582334 0 0 0
6591583426 0 0 0
5876655555 0 0 0
6534616938 0 0 0
6632240879 0 0 0
6870759963 0 0 0
6697361585 0 0 0
6838758382 0 0 0
6262591886 0 0 0
5897588457 0 0 0
6960842221 0 0 0
6368653375 0 0 0
5989165679 0 0 0
2854251802 0 0 0
6083699556 0 0 0
5223453379 0 0 0
3837408639 0 0 0
5985791338 0 0 0
5205589142 0 0 0
6535067655 0 0 0
6985467688 0 0 0
6371189186 0 0 0
6359377550 0 0 0
1804723695 0 0 0
5662220376 0 0 0
6622838530 0 0 0
2528488761 0 0 0
2292439800 0 0 0
6225016350 0 0 0
6831505462 0 0 0
1150800360 0 0 0
5560359300 0 0 0
6985284020 0 0 0
6919943360 0 0 0
5231783731 0 0 0
6973273821 0 0 0
6387409193 0 0 0
3964327319 0 0 0
5704626574 0 0 0
5980133029 0 0 0
2562741904 0 0 0
1268095234 0 0 0
6053552059 0 0 0
5438270156 0 0 0
3108429124 0 0 0
5665602735 0 0 0
6984929278 0 0 0
6878217115 0 0 0
5598889857 2 80 23
5976747278 75 198 46
6586426917 1 23 4
6607995019 5 81 20
3279873221 568 504 159
3216783703 533 723 183
6171141281 18 107 15
6081980141 58 457 104
6974033545 2 19 1
6864165145 262 353 77
5104672901 21 10 2
6327132375 309 290 2050
5469897696 10 126 21
5573161993 19 56 5
5691615864 221 323 161
5253201832 239 102 26
5898831606 525 646 357
6411712049 1 298 1
3214457231 0 160 188
6604925558 312 102 15
5641284707 79 112 32
5850414617 143 3374 243
6187270441 17 107 11
2389297154 508 353 40
3936316378 712 449 166
5837750034 2529 1733 100
6602699104 506 180 13
5262510210 109 651 180
6630393454 407 383 46
6064132901 4 144 2
6051906770 80 459 13
5526402139 399 234 94
5890326790 50 240 28
6071546513 368 1732 53
5637046362 783 294 57
6465252622 8 24 8
6409490250 72 540 59
6152318030 4 60 6
6400918951 5 48 7
6911300019 20 130 19
6981197371 13 55 11
6066983516 1799 461 402
6135739054 8 205 14
6979215194 0 7 1
5761295168 376 466 151
1994358565 9355 828 5023
6614162350 11 129 31
6166226337 2 55 1
6491319436 19 28 3
6548687062 4 115 2465
5626317620 17 230 60
6982187801 1 10 1
6978479894 0 47 2
6910102273 1 193 17
5225876494 265 640 197
6704585903 19 142 37
6148743048 1 63 11
6981046345 7 23 4
6973307030 0 14 2
6979812723 26 111 5
6970642300 1 14 1
6279565669 305 97 7
6508070179 10 83 3
6427781266 8 16 8
6156574390 48 105 32
5252255756 4 384 50
6650522403 1 59 2
5773896007 0 91 52
5565976953 156 160 87
5997661165 182 127 95
3035008383 384 81 3228
6963324388 0 73 1
6765058928 21 64 15
5296488336 13 36 26
6004979389 2 156 29
6803279167 0 15 1
6688945655 0 45 11
6190025951 4 44 20
6585177025 5 100 20
6868321601 1 14 1
6171669534 118 255 62
5613756526 130 356 30
2809760145 159 579 204
3825654747 19 199 11
5878473717 1 96 1
6534502798 0 403 3
6812379264 0 131 1
5496465232 0 389 6
6662218970 1 176 16
5526624975 20 103 27
5490622376 5 1540 319
6977661561 0 3 1
6650548346 0 126 2
6064161758 12 61 21
5495052137 1524 1800 58
6631230981 197 644 32
6174083070 5 11 2
6499363857 52 49 5
6978023142 7 20 3
5649402194 45 272 48
6530885365 1 44 2
6066225756 38 350 110
6905402361 2 595 8
6402324334 4 64 11
5635614738 82 90 36
5827770253 18 217 74
6595520807 0 10 1
6214948159 8 72 1
6722223490 0 94 2
5370362163 241 537 174
5414456378 11392 1248 395
6869268198 7 141 16
6135281589 1 207 7
3123680075 13 62 9
6193133987 26 174 27
5853788324 4 310 32
6066261495 61 436 121
5171510182 315 794 142
5446447347 25 105 65
6085316481 18 423 122
6404432378 4 77 21
5505249310 304 521 68
3018729537 2241 864 3592
6871483884 0 191 8
6698123049 6 139 6
5791859474 191 152 3
5776066181 427 269 19
2692860813 227 136 2405
2843225604 7 157 18
6970056402 1 7 1
6601117934 0 62 5
5690148587 650 356 157
5937770393 1003 799 113
6976181811 12 29 1
6478065938 22 41 3
5863926227 13 177 6
5253192795 783 457 79
6601625666 1283 272 38
6596209305 19 149 38
6415709706 4 266 37
6639766137 826 509 97
2107811341 707 186 5163
6879169651 11 56 2
5746481310 2047 916 2483
6595456105 12 610 59
5490981304 19 262 55
5494773016 755 65 31
6342171026 1341 318 33
1736026710 83 60 13
6976339181 0 14 1
5641943453 10989 461 56
6006816691 1 29 7
6102549417 369 301 46
6311139723 76 229 73
6135754703 6 518 13
3265520054 2589 367 458
5669041561 16 159 44
5856019041 3 26 6
6634730175 157 359 78
6263826938 859 379 1122
5702617833 0 70 31
3960988894 33 98 40
6702913186 15 57 2
5363011257 32 1612 115
5894544178 9 143 30
6593280988 1 29 9
6475625756 30 176 44
6606652919 8 23 1
6293809127 110 264 32
3728551335 10 42 3
5917969957 241 242 231
6018944975 2 36 1
6854234818 3 21 10
6975658115 0 38 2
5818686939 360 438 25
5976638000 20 73 39
2431688104 50 520 190
2337882040 14184 1477 700
6617718919 0 602 18
5455982563 2874 323 4610
2838393867 809 1467 517
5584407994 749 152 26
5523519567 864 569 42
3836692807 1 25 1
6613624592 10 32 3
6795638552 280 316 75
6916975756 212 272 88
6976073302 1 7 1
5081775845 21 325 28
1758121921 3449 1426 124
1016083431 224 503 73
1877188421 506 235 319
2952588154 163 903 42
6098466744 1 79 2
6165071470 63 235 1684
5667127365 2956 884 75
5521359632 5 101 80
6974763824 2 201 9
6201337617 27 343 38
5847781208 15 132 26
5588807887 164 345 42
5373603432 5 306 53
5357036681 242 152 56
5734192279 65 667 159
2680474531 3447 2874 239
5454343792 72 616 29
6879688887 1 287 4
5887536529 0 211 1
3269869412 1372 747 743
5403809343 387 531 74
5096329507 1514 367 357
6376821995 38 127 15
5797672516 16 308 11
5997777035 3 89 16
5698493088 75 328 26
3178461697 1794 443 219
5843313243 329 412 180
5165179545 2791 505 1582
5494866073 50 238 32
5581480843 141 174 188
6522001341 2198 541 159
6331297332 0 50 2
6128002266 3 60 59
5785133884 13 68 29
6391802633 0 19 1
6374006350 1 69 1
6680818247 0 2639 182
6790529709 27 102 4
6782583241 0 63 1
5935373871 87 37 2
2785723511 1967 239 278
6443541613 697 232 93
5512386945 17 47 1
6559952858 17 75 16
5753760967 645 826 73
3197830237 1368 357 130
6503758597 30 53 13
5448271802 38 79 38
6388695487 8 63 14
5648334674 16 54 33
6323356961 120 155 70
5590620271 18 61 10
3613149603 768 446 275
6593384151 55 76 28
2965830610 1495 1630 370
6266109859 0 55 1
5573879337 716 239 164
5674704953 454 155 40
6576404306 5 937 37
5850392674 24 495 38
6493524743 3 30 2
6051887432 351 468 59
5584725919 3549 789 124
6532172808 13 14 2
6885426104 20 211 9
1658385567 2213 726 868
6170033212 1 35 2
5882397375 0 44 1
2950979382 21855 748 5448
6600691358 0 63 7
6010678996 244 207 30
5484464207 2354 173 21
6317354071 1 191 4
5982049670 2 101 1
6690908967 2 19 2
3224515062 662 402 59
2722932341 754 336 97
5736802419 5 354 26
5855945581 17 139 23
6696750550 3450 202 20
6131631509 1 11 4
6318329961 2 393 12
5836454346 520 606 132
6604494499 12 116 8
5848838327 745 704 134
5630710825 31 262 44
5393956083 618 221 43
6283255870 1 131 10
5282044574 1 6 1
6859523861 73 60 35
6418892538 378 219 13
5679685654 0 134 32
6570308121 630 108 50
6216916699 1 20 3
6530376580 64 175 16
6510711274 74 66 7
1981847052 482 324 309
5340835505 0 477 56
6274750958 33 65 151
6085804854 118 196 32
3480059613 23 307 122
5617325983 143 148 84
6053294448 50 182 20
2211982842 2157 339 156
5366732886 370 618 143
6452973822 20 127 4
5821903773 2 685 18
6364738309 2 82 6
6970495798 0 419 98
5114696598 1643 500 107
6415678330 507 1375 47
2199681054 267 307 27
6897372806 0 53 1
6069988721 229 80 58
6035256585 39 111 62
6038468961 25 55 58
5719138017 642 13 38
2266566034 110 676 219
5344329419 451 306 296
6118354491 7 1150 90
5835550442 9 117 13
5129807917 95 236 94
5975174166 123 76 10
2315297590 10028 692 237
2741078500 6984 538 714
5020076086 3515 835 482
5729786927 717 584 82
6458979791 1 517 51
6439822295 16 166 1
6966510261 0 150 3
2135516331 97 1283 102
6078738443 2272 598 132
5316634043 154 415 28
5967060571 1 169 27
6589060625 6 65 2
2471525804 5899 5137 1106
5526207034 23 170 2
3828736287 3 79 10
3017274695 975 952 430
6099212495 2 116 28
6411559625 408 249 150
6847858983 0 1670 16
6031246522 179 309 85
6423190931 112 191 30
1839988087 292 360 158
3812650153 1549 363 102604
2704577802 812 312 695
6113314425 7 126 11
6722663068 178 452 116
6233543524 3 48 6
6261767958 33 138 22
5018150390 15 72 67
6595975841 170 2849 13
6597528753 274 4484 18
6932636872 3 69 1
6760931136 714 669 29
6926989543 5 111 1
6741840548 141 2158 8
2031220217 1137 747 578
6900158064 47 719 8
6594491595 296 4582 28
6593977357 257 4215 15
5331692622 106 542 160
6600582421 117 1887 16
6600132918 225 3639 22
6600941771 219 3551 23
6584941786 234 3662 23
6899111123 119 1538 2
6666811236 179 3033 16
5776949728 8 106 24
6561450806 129 1752 30
6075722589 24 157 72
6125334881 14 26 13
5018150390 15 72 67
6595975841 170 2849 13
6597528753 274 4484 18
6932636872 3 69 1
6760931136 714 669 29
6926989543 5 111 1
6741840548 141 2158 8
2031220217 1137 747 578
6900158064 47 719 8
6594491595 296 4582 28
6593977357 257 4215 15
5331692622 106 542 160
6600582421 117 1887 16
6600132918 225 3639 22
6600941771 219 3551 23
6584941786 234 3662 23
6899111123 119 1538 2
6666811236 179 3033 16
5776949728 8 106 24
6561450806 129 1752 30
6650627970 234 3647 20
6599376829 95 1587 14
6599571565 269 4306 17
6075722589 24 157 72
6125334881 14 26 13
1847329060 5 406 7
6596061891 0 600 9
2822373757 305 453 68
2929503935 3 20 23
6982528343 0 121 4
5316330763 41 42 34
6588222836 27 55 31
5912600505 139 134 642
7025174778 0 9 3
5556081661 2772 308 118
6383389427 0 38 5
6797151574 0 9 1
6351873706 2 15 30
7012632309 43 222 48
5830012814 65 174 11
2576684295 0 57 0
6299608952 910 702 195
6414263100 1 9 2
6721233309 0 1032 43
7026737821 3 144 2
5831390752 2178 563 85
3970538071 269 740 199
5484967989 2678 938 249
6252894628 559 1615 34
6617285798 0 2 1
5711195897 93 414 36
6137509979 9 295 52
6171168090 38 36 27
6603240082 7 112 8
6981598104 0 6 1
5969880686 35 237 345
1563221533 3023 5507 1365
7021497832 4 21 1
5900963638 31 136 32
5441520453 24 42 22
6081529266 22 179 10
6568420894 20 47 3
2577387181 21 18 1
6649574888 204 128 22
7010954197 0 11 1
6407146781 19 53 5
7026223575 7 33 1
5895834963 2108 489 251
7021813437 5 73 2
3524395647 1 25 9
6214659875 5 330 42
5573885655 56 281 29
6313297882 21 93 23
5742829984 0 38 8
6134941505 0 65 14
2267568452 449 462 63
7025102749 0 36 1
6468878925 69 23 3
2474552361 6097 268 537
6303179197 802 1632 357
5831089074 3 80 22
5531617887 261 161 98
6800819333 3 250 16
6749592754 3 604 59
7024233619 1 8 1
7021909128 0 16 1
2190109132 5971 601 695
6885441720 23 53 7
5667401096 286 709 75
2610578013 3967 1003 559
3805158098 410 340 51
5995905866 40 198 87
6811302716 99 43 100
2189276894 5545 758 146
5871121371 11 98 16
6379375255 163 125 6
5611536024 1704 413 2253
3846453119 71 312 434
5895108168 40 142 61
5415079275 706 209 40
5287568368 51 75 7
3213695105 6073 1197 154
1751068934 161 425 18
2594417987 12935 536 438
2719112087 648 357 335
5063805553 254 10541 988
1791928175 231 515 213
5128028623 2626 2229 4
2275650404 71 738 68
6347246165 36 417 16
6297204339 82 127 74
5839598957 0 163 2
5486260431 685 413 97
5264063572 171 295 66
5943509242 21 33 12
3714547133 1132 373 53
7023883451 1 60 1
5887953414 0 156 1
5527954038 818 342 881
6144066713 2978 216 96
2742181702 988 1440 81
6489644185 1 22 1
5807773207 69 1964 139
5912658053 29 429 85
6207386405 13 149 11
5052696644 120 488 179
7022661554 9 34 10
6657340544 0 19 2
5178402764 19 171 67
6500845502 2283 435 254
5859531129 0 166 6
5652528528 524 199 67
5510872512 287 325 83
5936476253 22 205 1
3283481140 7123 3005 237
6999959617 0 27 1
3235087543 343 442 149
2580592100 4213 504 2076
6861052296 20 135 3
7020637203 56 744 95
6785636325 0 30 1
7020575432 24 139 2
6874949051 45 100 48
1700132664 16 103 42
5995882963 478 606 194
6213881661 670 229 50
6474032511 75 169 34
6888132893 1 25 1
3035808380 1594 458 180
6049639225 0 53 6
3008633025 25395 592 1028
6835970982 5 41 1
5690378997 45 68 35
6317569861 564 223 437
5588183892 7 99 19
5594225660 0 89 39
7020077639 0 21 1
5890989602 104 728 126
5539830333 1161 142 65
3297824237 7339 2136 2230
6499512797 85 170 10
5856795806 57 66 46
6150898332 5 29 13
5689225204 12 44 5
5386350545 6 95 5
6852213300 1 3366 93
6993030949 5 10 1
6157859057 55 108 12
6178151282 0 64 32
6936621237 3 6 3
6601267220 31 48 7
6150269111 6 1421 144
6604996872 0 30 3
3913665855 378 225 46
5379761230 36 333 18
6493088089 2 192 25
6625789187 0 68 1
5685519985 62 103 94
6993914770 0 33 1
6174836009 0 10 20
6555296198 1 63 2
5651109119 1 58 2
5216430424 0 18 5
2143948702 71 30 44
6623081919 3 107 23
2696874314 2144 503 590
5686776894 1 39 2
6965115666 10 34 1
5762029677 3 68 4
2009109401 36 307 620
5898466175 0 25 1
5604845601 7 779 86
5717304076 36 561 78
7004456642 78 54 8
6991100343 4 55 3
1806440922 31 711 248
6413458795 22 159 9
5890653845 21 119 21
6450230405 1 235 53
6582684714 0 228 41
6994406654 0 26 2
5355774067 1 154 24
5995692408 88 228 14
6502234485 76 830 186
6769147733 331 428 364
6468750923 36 153 28
1954166727 54 695 92
5060164945 41 70 115
1884408133 21 21 14
5334263695 7 1823 109
5591515185 122 234 69
5845938698 1591 483 179
5739755390 7 29 7
5361005439 9 87 27
7000846492 6 65 5
2448072625 42 469 25
5268069129 29 91 8
6996022887 0 8 1
3087678575 85 177 85
5924324804 25 40 20
6598468872 3 92 1
5973631118 587 307 146
2267617192 1739 1113 277
2631737357 11 88 0
6372399012 1 62 4
2948834225 750 666 387
6016012156 118 13 1
6510748380 75 171 46
6809269143 366 188 34
5502627147 755 328 60
2794767252 572 273 4084
3610427237 9 187 72
2158234130 21014 1831 458
5845520552 5 216 58
5347915352 613 1981 120
5749095500 1 298 33
5781049802 33 143 36
5697653829 477 609 151
3317958370 9970 4662 479
6435594649 325 331 114
5537900009 8529 1645 746
5694150082 0 893 109
6870695364 36 75 3
6990745193 0 165 3
6617426777 13 42 9
6020218537 66 330 64
1878154145 1475 1489 333
6525084835 3 28 5
6980040351 0 38 1
6524124225 4 201 68
1666934357 3041 710 11418
6540613401 108 102 1
6049733894 14 98 39
5063502738 1870 111 114
6525654521 246 123 112
5745379693 1 35 1
6345404372 1 138 5
5177576320 430 334 89
1821513224 45 26 74
7007967539 39 60 12
6013133546 8 13 15
5861366126 2185 586 300
6460415928 11 108 6
6739748419 774 118 134
3296068524 464 692 199
6293321226 49 179 13
3748840827 67 107 34
2854304570 124 153 29
5457793284 28 1954 67
6631002629 106 108 45
3215855500 1203 811 297
6212174395 8 105 1
5524316763 2036 761 81
6158057265 0 6 1
5745013759 20 33 34
5844916438 9 72 11
5696047565 0 237 36
6326172392 4 44 5
6592891910 0 11 1
6577115392 1 91 4
6250363885 13 83 25
5643689105 229 257 16
5884196433 76 142 53
5626926984 115 224 74
2355603595 14 103 36
6236545687 468 634 162
5675786764 2387 182 362
6554482479 176 389 71
6628739887 8 34 1
7013425214 0 42 6
5537828272 4 331 51
2439017940 3079 1325 91
5525923003 2110 503 91
5990234613 25 202 100
3253809313 535 166 85
3300143162 12813 313 119
5987042769 22 172 50
2063469281 20050 1825 1965
2667214951 1792 1731 2080
1664685027 38278 934 677
6363838395 84 548 192
2857456632 312 68 8
3258586322 4 89 7
1869576083 17267 541 352
6976225706 0 68 2
6226119160 0 2 1
2034984815 5715 425 180
5332867559 152 691 83
6387277471 7 85 2
1964413821 6033 744 1233
5589039492 495 364 99
6889014563 0 31 2
6770076438 23 19 1
6870633374 71 707 136
5845502489 4 22 1
6965153993 3 37 1
6546753855 17 120 13
5781361017 564 448 133
5719742811 53 288 35
2519928297 786 520 82
3858238590 290 342 778
6296816670 7 30 2
6327207083 119 99 711
5598892643 9 192 9
3412075230 281 226 70
6281079374 0 92 17
6818340738 3 15 1
5650207537 2458 737 124
5914735698 0 20 1
6424860177 18 77 14
5497308642 1248 108 27
5482377522 178 270 19
6229869294 5 113 19
3007936153 31 242 20
6179892273 114 348 692
6569761640 0 971 53
6460381517 26 55 8
5669536775 15 116 100
5885330357 2 29 16
5637907405 43 189 35
5108775833 27 74 18
6919685804 69 78 11
2551732624 14 183 37
6409747069 953 578 364
7010770818 0 89 2
6486047255 2 34 2
6249239345 90 104 101
3761685412 1352 693 55
6567253280 6 35 1
5263559092 479 1073 139
5471238534 553 105 46
5730789243 24 93 43
5700161485 642 1430 199
5855487392 501 672 336
3600888864 402 353 76
3921136959 119 184 20
5309000839 7164 368 126
2413936314 3636 1293 163
5731036450 446 574 179
6303963728 48 414 118
5568430073 6 532 57
3536380832 0 177 14
5663095235 291 201 55
5729421454 456 863 356
3362486754 1319 1164 1966
6711765954 0 55 1
5506890594 894 146 16
5642754936 15 295 21
3268052887 90 110 74
6835843049 23 106 1
5541887226 27 185 53
6649427076 2 3037 57
5464415351 0 19 1
5500236425 51 196 52
6243861493 1224 189 69
3811100216 16 263 55
6976817932 1 9 1
2938687741 426 1668 772
1922487964 85 72 3201
5970673352 40 75 7
6982152327 0 46 1
6302268034 27 349 21
5610347538 8 69 49
5189522570 335 161 42
5671028258 10 232 53
7009030313 13 103 1
6501673454 87 175 13
5391836803 149 605 72
6797756299 23 67 11
3176530830 136 514 77
6571969700 74 229 31
3623704242 1755 312 461
6538161721 15 65 28
6378573280 34 58 2
2160226585 0 259 1
6492215736 0 93 1
1665205753 695 671 51
2431880703 28763 234 253
6377637829 10 650 17
5713031125 12 101 3
5862183631 10 16 2
6603956317 15 461 29
5656209221 7 105 49
5547105535 11 81 19
3996419094 5 89 38
6158115126 8 137 29
7000264053 4 19 2
3464794522 34 273 50
6995340675 3 94 1
5848105062 0 69 3
3242117412 84 232 18
5019425338 7 113 41
6975740431 3 885 31
3054054987 77 100 28
1948711745 25691 1235 67
6871538432 3 87 11
6045934418 105 77 83
6364590089 139 227 34
7008532140 0 9 1
5355389189 92 581 96
6672495362 26 40 1
6672495362 26 40 1
6036026249 16 245 24
5670916416 0 32 2
5977850603 1521 407 198
5586520719 473 243 131
3675795170 13 85 79
2785008064 69 139 17
6538101552 0 68 1
6504991609 3 54 1
6107850992 144 119 90
7006693333 3 41 4
5932098369 0 58 14
6319252405 1283 319 384
6522810779 72 134 148
6504536998 197 603 80
5899789296 11 181 512
6070941162 1489 311 47
5515546443 1324 90 8
6856747064 74 291 319
6833877309 16 96 13
5536672421 406 833 384
6890351536 0 2249 36
6918798426 4 19 3
6600337874 1 44 2
2790257655 225 463 138
6534306204 119 87 8
5180209574 4179 751 427
5909224739 1976 855 2359
7005278852 99 30 25
6642825711 0 33 1
7002312118 78 77 2
6414271431 2453 1007 127
6470998762 40 165 24
5681349355 420 449 70
6895971081 0 3 1
5967111551 496 220 31
6896381421 0 259 20
3874641087 220 136 105
1906113535 12432 1214 192
5909144858 10 123 61
3148696191 677 575 113
2237323555 965 1245 240
2199067262 1845 499 43
6340496693 4 37 2
6071795106 875 454 521
6693890085 2 227 52
5893703219 2609 365 112
5223400255 2476 725 12187
6519729451 0 52 1
6487536119 11 15 2
7004513279 1 61 6
5354278953 2707 740 66
6969388824 6 62 3
6969702802 8 148 1
6856014247 0 44 1
5631138095 1301 748 3593
5376581976 6 24 60
6366382212 0 63 1
6975730563 3 874 24
6423931903 39 50 17
6673885554 20 102 29
5888833151 10 1178 176
5973034194 0 16 2
5111887430 0 52 9
6570004963 0 76 4
5391179061 761 385 131
6552468162 0 320 9
6132474429 72 100 44
5882735929 34 108 29
3100616920 71 195 66
5647850315 1540 416 54
5576787902 1 29 1
1267577374 57 69 49
5241521026 253 934 7876
6975683992 3 904 28
6460763666 62 62 46
6517758525 8 43 1
5981685004 5 114 19
6936744704 2 6 3
6057327014 4 97 17
6801951153 0 78 1
5925829134 3 503 8
6397556899 74 137 86
6247226608 14 443 37
6570163465 69 161 157
6671707466 0 124 1
2308577025 106 101 178
6915440869 0 13 1
6508218897 2776 2448 655
5732989702 292 577 20
6879914941 15 109 2
5872362246 375 93 99
5974548823 60 102 66
7000787397 1 137 1
6124123644 8 253 27
6909816948 1 37 1
5988117049 0 174 14
5318699209 2306 749 1171
6970277860 0 26 7
6559509482 0 5 1
5799101925 72 177 10
6307868953 29 31 1
5180007859 5932 1014 2605
6132276875 2021 253 437
2532402750 23 682 55
6163340938 0 95 11
6622938435 54 122 1
6495402848 1 77 5
6999482589 0 74 2
6502118214 9 10 18
6800745975 15 86 611
6633003204 0 77 1
6889453197 81 225 17
6052321589 0 13 2
3980877514 282 836 49
6999256017 0 26 2
5706139845 2 108 13
6083961860 8 464 60
5530638932 155 369 157
1610594464 4044 2415 363
6736435666 0 46 2
2490845414 421 416 296
6037291177 9 144 39
6994786248 0 132 1
5603679175 5 83 23
6576695169 0 85 15
2958912804 10 29 17
6961397886 0 18 1
6023560258 7 260 4
6423020052 14 27 7
5755449289 50 174 30
6989864236 0 29 1
6087874767 114 435 130
6905872367 3 30 1
5724002811 4 60 4
5898669584 11 136 56
5858095754 724 296 84
6889386839 5 43 2
6488889986 8 9 1
6997571504 0 3 1
6345429694 2 105 1
5880855060 6 139 96
6857800526 0 91 1
1786257963 317 521 313
1893030217 17 85 13
1750282130 249 317 89
1884631594 6914 691 867
5846302283 3 132 87
6657530527 38 122 43
5309299154 458 377 56
6130899806 1 35 30
5242402772 1 261 66
6617451484 82 194 20
6477745338 3 57 9
6983853007 45 142 107
6987347776 0 19 1
3613049917 108 348 66
5102074742 0 125 12
6513270438 4 79 8
6004481087 235 267 77
6996057283 10 64 2
6572406216 2 56 1
5513593894 167 378 77
6553617675 764 156 693
6559501825 133 93 78
6349578173 110 237 73
6997219359 7 11 5
3514695127 6524 441 1564
6513363670 260 333 292
6533858809 109 43 4
1956539614 165 1023 740
6738627115 0 107 7
5173127111 2499 1169 1542
5519591103 33 1000 49
6856366597 88 228 43
6328743652 112 237 115
6720111053 4 66 1
5022636418 1430 831 2160
6993276074 1 16 1
6234951474 76 378 65
5517174272 74 114 14
6977829203 0 726 2
6865169748 0 3024 46
2517180480 6552 338 103
6588757473 2 14 1
6268718054 262 359 35
6368587953 31 58 25
6468225852 15 324 57
5409065493 2613 460 253
1579318973 2747 968 332
2552080307 1453 266 194
6968576459 0 211 24
6558966394 75 402 42
6004773825 5380 1601 554
1725512435 435 943 725
6934187012 85 254 29
5932355992 3 106 3
3259933970 7 37 5
3037291672 4400 985 1605
6192457328 275 242 166
6319268815 3 100 2
6063490206 1 137 15
5950151529 3 30 8
3034829574 176 432 273
1956614575 4 278 79
6419724884 43 87 27
2991017023 3495 982 1027
5842217056 71 321 20
5902593184 6 46 2
3955382083 0 64 1
5785034909 285 88 13
6696377164 0 21 1
6990922680 131 190 1
5849101395 28 21 8
1563805685 3445 334 562
6990407380 0 26 1
5699929648 3068 180 218
3720938965 26 57 90
6441724829 21 102 9
5888891735 43 31 21
6538871950 9 69 15
6711734562 6 22 1
6299311583 23 43 8
5307264656 302 563 74
6616303236 31 490 45
6340211169 37 849 2
5466057753 5967 342 95
6599548997 59 92 23
5750722291 267 84 917
6508328803 4 192 1
5966848055 679 452 1380
6030726778 51 303 138
5268413312 0 35 2
5597163303 0 181 35
5546369775 646 202 107
5714830082 2991 2350 33
1632330157 538 99 46
3575690624 56 250 565
6993150205 2 66 3
5478375382 622 3941 553
5344191315 49 2503 141
6993553219 2 79 3
2101914774 25099 478 5976
6720686223 1087 233 17
6159723406 1 93 12
6196177539 113 288 73
6459830113 0 71 2
5978964549 17 174 19
2769416901 180 1239 135
5705531476 1850 63 37
6583999506 12 56 2
5560872952 23 51 32
6600287574 0 9 2
6708467943 49 212 6
5850166354 0 80 3
6222024907 25 102 38
6020393299 25 322 29
6592421169 5 93 12
2582582457 4321 373 164
6980365864 5 37 11
3173273017 6 531 166
5983762387 3 147 2
5718616019 31 83 19
5211558799 146 422 284
6508888782 2 40 1
6192426331 14 292 34
6489256408 126 348 20
5818566699 350 307 33
6210720187 4 36 10
6126837419 7 273 42
5913481389 29 44 11
6048670337 13287 665 857
5637909792 97 217 100
5569331446 265 551 119
1829490894 2472 759 372
6554856199 120 225 21
6126262436 9 89 17
2750558122 7 29 2
6119587854 6 123 10
6984464331 9 129 7
1787840711 30922 1184 3416
6254315821 17 129 15
3968069685 103 182 307
6342533478 152 1027 932
6604970630 9 102 1
6520917001 0 66 4
6504107637 77 161 6
6434875313 22 43 15
5948398791 18 191 38
6919819742 0 79 1
5856978210 480 84 13
5299036191 681 432 158
6923168517 43 52 3
6990376172 1 15 1
6064488403 5 13 5
5861327430 25 53 2
6539017205 5 533 23
6274165419 1 70 1
5123808420 49 198 15
6522378079 293 265 3
5642202750 35 189 67
6416774903 9 87 16
5417334435 40 157 24
6977444879 0 33 1
5978989009 1 18 1
5356702225 71 113 29
6856028902 7 101 17
5363730374 1749 1340 526
5263788984 5409 416 841
5581798548 627 322 62
6935236117 0 17 2
6118631066 81 164 48
6990666301 2 124 21
6581832067 7 35 14
6990183772 3 38 6
5844061679 338 469 75
5319438960 4438 920 338
3904527851 171 279 229
1506710153 2482 458 9102
2260250262 498 247 32
5840261565 3 142 12
6988751748 0 42 1
1033793855 17463 1951 1964
5266150559 129 354 40
5937963852 178 148 15
6856148114 1 45 20
5505884089 480 128 42
5627755120 371 302 65
5285664513 3593 868 82
6126431716 308 239 232
5880048396 760 180 86
6734213896 6 58 11
6283766023 4 78 3
5356684132 1218 964 202
6989628465 0 80 2
5969782378 4 185 80
5116187191 105 69 25
6581844188 0 28 1
6407317763 0 31 8
6189855322 57 157 28
3952004358 572 715 111
5252776382 8428 510 167
5777214154 0 43 1
6109918727 99 215 89
2076311237 3376 730 687
5694862328 1130 592 290
5671949878 6 64 33
2143673483 1687 745 783
5250629364 132 190 19
5675215571 136 168 31
2692024832 2064 281 126
6143044600 41 479 65
2263718723 13 1432 3864
5900179423 612 236 198
5482206962 2554 1627 679
5658901252 37 33 19
5325675988 528 553 221
6280021530 5 41 6
3100488421 1482 530 430
6077147163 139 112 28
6989822743 3 56 1
1055408833 107 74 29
6985629493 53 142 50
5937651639 4 15 4
5480788723 191 207 90
1665680140 33890 865 2188
6083359420 479 183 121
6345607196 130 107 80
6578869178 24 81 11
6661458381 9 178 6
6579499598 127 115 15
5594859639 816 654 1737
5494844680 51 194 43
6488557804 6 344 12
6134366061 31 1175 174
3239162181 3 43 27
6962520677 0 26 1
1771412277 4632 345 366
6502411239 5 25 1
5189798577 57 54 43
2630255701 28143 536 273
2264377213 8547 609 290
1936406661 1867 810 200
6522615126 103 327 105
5729894076 59 155 1143
2143580490 3856 590 106
5086640705 1444 337 191
5553885732 362 490 152
6600396174 27 441 23
5208919722 3579 398 700
1560046523 1953 432 4433
3824466393 299 73 25
6616362595 0 45 1
5019533795 36 17 11
2651284514 1150 339 485
5268703534 924 347 100
5994549085 72 171 51
2245399833 467 996 733
6630389876 23 267 65
6746820918 26 75 11
2310550765 1502 209 1710
2943914611 6441 1357 868
2139733714 72 171 43
2323983117 592 103 371
3977127984 294 365 129
6178067165 2 40 10
6310936560 48 811 285
6600021405 63 286 11
5529123066 1494 2242 710
5460737618 318 865 1144
6374949311 34 64 24
5177305807 9254 4214 401
1033511852 69 223 24
6990446943 0 12 1
6216911937 2 134 25
2779865751 7056 929 653
6459733797 26 86 4
1676160747 11 15 8
3293963335 314 209 75
6974205960 5 60 1
6568048710 0 115 2
5081727491 9 271 23
5511588567 109 207 30
3188486724 188 231 90
3001171505 206 132 394
6438095800 529 776 404
6725240375 94 719 1312
6463308655 75 601 42
6221396491 758 318 152
6259907884 405 255 21
6499768912 0 57 36
1955257993 708 473 525
5941931459 632 212 138
5392597866 32 86 47
3493541487 2502 490 7383
5164802845 186 497 101
5350154673 361 189 650
5998235342 214 329 98
6233768752 23 103 21
5750029732 4307 363 222
6405240064 317 618 782
3123177305 123 107 94
6179734643 9 177 93
5234262627 768 1588 118
6210116350 304 405 46
3803332445 26 317 17
6132170542 0 94 19
6413995420 542 599 126
5013477620 222 132 169
3189833627 493 348 82
5574304890 6976 415 351
1845768612 104 130 32
5968607449 9026 1340 872
6896324564 273 408 33
6316053356 1249 247 70
2853149474 98 139 27
1839582967 11539 624 2827
5680378769 1726 307 290
5447107116 29 156 11
6058003740 20 63 1
5568572927 7303 2968 284
2418273661 9 37 5
2357606923 21 254 38
5219527331 91 202 59
6391693363 9 24 2
6979634804 0 13 1
6990389807 0 17 2
6499300609 82 87 3
6473459426 7 281 143
6893968150 20 90 1118
6657208100 1 136 22
6672878558 43 292 55
2009095821 6706 335 207
6560956303 3 34 2
6040702148 33 227 34
6518375504 130 841 110
6304183314 33 126 2
5859591865 2 19 8
1614683083 89 42 28
5273807352 0 32 1
1367591317 323 356 28
6831226653 18 174 19
6741743175 0 33 3
6002845296 6 104 1
5538750476 172 264 74
3211388247 2 51 1
5672334427 1 26 47
2688303144 1299 2216 612
6135000848 270 1891 255
6246109926 32 136 20
5971049070 66 57 37
5277556324 49 246 37
6611617694 0 32 1
5655709285 4267 1108 250
6628238234 4 33 6
6962348049 0 14 2
6980940911 0 5 1
5837523603 402 635 39
3862003078 5215 1006 230
6981135553 0 9 1
6860547835 5 81 4
1843315577 175 913 90
6142725775 13 191 76
6112680615 0 43 33
6413050399 2843 356 127
6561436528 0 331 7
2310551780 186 67 20
6111065966 6 35 13
5986377651 58 54 25
6572308031 0 65 6
5859737472 354 678 580
6498085935 27 113 13
5346916226 79 108 6
5797576974 111 105 15
5239332711 247 379 178
2452893447 1202 222 338
6618632335 5 77 20
5979039098 51 236 2
6445922381 34 332 173
5992514161 0 82 13
5292225267 46 226 50
6233129221 0 39 10
5943974689 15 57 10
6735450781 18 184 34
3327653890 354 1067 85
1696694250 8 83 23
6354779055 0 15 5
6025837400 249 291 437
2681296671 49 302 55
6346808188 105 209 310
5051801429 1 159 4
5947458984 319 114 81
6690634571 105 86 30
6319368138 1 33 2
5455766386 340 118 32
6978714134 0 30 1
5839728042 79 360 18
6262162831 324 147 1601
3901185953 37 94 30
6118629482 12 29 11
5986076570 11 86 19
6586739839 2 18 1
6923747923 1 24 1
6627792340 1372 944 170
5459673843 3185 896 410
5382620035 88 86 33
5667022355 239 150 77
6985088492 0 9 1
6394797744 0 199 35
5650275698 2782 883 134
6504138110 18 261 13
5581991304 74 86 23
6042582170 0 16 1
5599490112 9 124 20
3195714215 1174 3553 11908
6773527283 42 202 4
3270475904 1 41 2
6814198660 42 58 52
5513460278 320 257 66
5919814845 334 754 59
5857343656 3 48 35
2602210717 432 327 84
3225996521 164 279 94
6986777287 41 207 42
2540711425 556 147 60
3537275473 1033 382 91
1561458180 794 582 47
6979298475 0 67 1
6086091172 3152 100 59
6007186910 153 137 14
5436310401 72 91 49
6974864944 24 28 7
6987875811 0 31 2
6716288421 0 23 1
6026865183 242 555 25
3495192323 408 470 21390
6364601061 1595 205 53
6402106109 90 462 34
2153854071 85 604 47
5655318815 779 206 249
6279463227 273 482 266
6614768009 4 243 14
6411115547 1234 93 119
5022881030 1077 338 28
2188155655 2 315 173
1287356745 4496 713 438
5656557545 144 216 62
5671551612 1681 834 66
5542895377 181 163 66
6035760660 343 751 1216
6164459461 338 301 99
6493295650 4 346 43
2956283914 423 126 109
6920481399 9 144 2
5666679809 6 29 24
6656420136 0 15 2
6897363228 122 80 1
5818560172 3052 630 81
5534489036 2564 473 710
6896088079 0 8 3
6059254488 26 495 106
5992729522 334 203 40
5600256692 312 465 30
3184001632 1131 165 98
6120663644 966 83 115
5753856009 242 626 146
6107546808 1491 449 83
1934761963 488 127 87
6452805584 228 527 3253
6064475179 1554 930 26
6350115766 1 44 1
5678707538 19 135 6
5087801914 3925 462 60
2688289987 1090 484 283
5850461901 1575 460 56
5851026136 4 109 22
2690012893 5 4594 318
6028203128 191 93 63
1607396501 2876 315 197
3613155127 1007 556 37
5698371589 53 545 45
6411450231 162 493 93
2543473762 42 72 13
3951111497 35 79 11
6631712807 4 69 2
5686173294 27 131 16
6049769106 733 799 74
6326630576 116 210 77
5682973800 32 529 90
2019975413 1500 539 462
5646578504 1464 508 65
6419282448 183 124 106
6484154917 77 303 12
1840705825 444 282 48
6818605287 4 151 16
6033334691 3103 706 135
5538404618 4210 866 328
1654211191 12877 448 195
3691021822 9165 2646 12500
6324589778 485 332 85
3169786264 96 1300 112
6871873381 2 42 2
5849536502 152 167 24
2037639950 842 337 92
6106113170 675 626 138
5705940979 123 179 54
6266771005 887 514 107
6502402059 5180 1273 117
5621558925 500 317 107
6120426303 47 74 10
5896060118 1018 671 98
3538320111 906 88 33
6458001702 1018 405 101
5125510725 1004 80 193
5715516143 1071 381 227
5960615871 13200 416 729
5184286425 884 314 87
5720369655 281 804 433
5214039470 88 122 48
5555274271 5339 76 143
6818747315 167 97 13
1923239982 4629 306 223
5966720369 1427 374 116
1854600040 843 357 277
3846757945 2972 364 286
5024023654 300 304 579
6091312388 427 168 28
2816916785 67 70 77
5516636609 1546 1387 165
6186270476 8598 251 202
2696976884 7133 989 966
5468866989 19 226 35
2864305964 4793 253 471
6559044077 0 222 5
6546936731 649 497 841
5669971815 87 55 977
3022099767 60 122 52
2001211611 242 190 20
5234990651 8 51 5
5968247281 18 26 4
6015928045 1202 1715 96
1202449600 3597 353 113
6137589496 39 142 21
5669564167 1397 501 9
3991139467 204 38 6
5211710013 0 259 72
6508053398 403 517 1893
2548825195 1686 274 80
5723203040 2152 1153 122
6587076256 0 80 1
2887963760 1298 187 61
5997165498 985 403 202
6593350822 89 39 12
2588339777 4853 484 398
6004191550 6008 670 358
5970602479 1002 237 542
6317746368 911 182 53
5851364621 747 660 444
5529803236 1 48 51
3993857282 67 53 65
5894561884 187 232 39
6507094224 93 65 49
6070190516 2203 142 30
6810922568 1 18 1
6083898733 728 313 39
6486866531 9 34 2
6542442354 27 113 17
6461201514 51 132 30
5970631509 4 279 47
5867890192 418 1506 156
5871607281 918 575 78
1819051552 2844 252 78
3658657851 1907 215 18
5799076976 891 665 44
6678802390 31 213 35
6303888838 710 711 3816
5892695165 113 482 1536
5979596655 45 313 31
5520883008 50 637 47
3701541140 70 85 6
6737463954 51 119 9
2795354964 568 533 3773
5344146333 747 685 104
3385323390 4146 507 280
6147160317 16 272 10
6792842165 38 127 49
1833852520 1009 841 2686
2302192294 3134 1699 395
5896557053 316 242 13
6070583784 634 409 94
5893082307 2330 1790 637
6379160547 0 33 1
6466486612 39 259 38
5863006558 256 1219 352
1688912622 2094 643 628
6067921490 517 833 81
5839320055 11 613 81
5491808956 59 22 13
6032807920 0 100 6
2813819217 149 210 167
5675332558 413 255 54
1171873992 1873 439 87
5687708040 44 66 26
5891203279 230 548 11
6611989140 0 31 9
6941187140 0 5 1
6539997546 0 44 1
6986603199 28 95 4
2203926964 3396 641 286
6039382051 1656 552 67
5898433629 938 794 163
6818089604 2 120 2
5875242124 455 283 45
6616676985 22 505 7
6285766620 1 18 16
1790283732 10565 776 1157
6489842366 121 821 3
5621938545 17 381 32
2184245494 488 222 52
5931244888 503 696 118
5856965826 287 297 204
1778768901 2033 359 426
2854363090 9108 2795 298
5932833850 18 1174 460
5663679532 2829 574 166
5136275655 1256 1042 43
6588703049 222 3243 80
5312755197 39 817 74
1826374070 1105 509 38
2292773520 64 195 57
5723714610 404 573 80
2251192243 234 125 96
5631931128 150 753 19
3605508267 562 60 18
5691070503 289 172 1
5225050854 96 1700 66
6533162814 71 189 69
1781006353 5147 635 113
3282178075 65 875 142
5494717457 11 419 39
5118288536 12923 311 626
5186738334 1043 217 104
5232920702 1158 940 124
5884978651 214 150 2
2458371664 934 200 96
5859838592 415 3174 85
5837857159 225 82 11
2712575762 1918 479 295
6174779944 588 686 18
6461054838 370 134 50
1732264711 414 25 8
5876699378 14 39 3
2835866385 138 1025 96
6332186749 2068 705 191
5986653824 2150 142 74
2866954872 366 146 20
5314539873 3760 496 47
2290860167 720 376 166
5655526941 15 404 73
6505237573 0 136 2
6770364786 0 33 1
2841582334 73 1019 94
6591583426 4 63 4
5876655555 24 679 142
6534616938 71 248 27
6632240879 1 173 2
6870759963 20 1736 39
6697361585 3 11 1
6838758382 61 109 25
6262591886 0 61 7
5897588457 67 52 21
6960842221 3 31 1
6368653375 1 50 9
5989165679 0 48 2
2854251802 180 121 20
6083699556 1 39 12
5223453379 557 1113 75
3837408639 59 115 148
5985791338 100 229 47
5205589142 4992 612 317
6535067655 0 140 23
6985467688 0 23 1
6371189186 2 75 6
6359377550 2 147 23
1804723695 5241 300 302
5662220376 2187 1279 214
6622838530 54 1151 29
2528488761 4 331 64
2292439800 3878 760 112
6225016350 12 78 2
6831505462 60 116 12
1150800360 928 304 72
5560359300 323 302 2365
6985284020 0 67 1
6919943360 0 16 2
5231783731 0 6 1
6973273821 1 139 1
6387409193 0 2543 96
3964327319 155 517 64
5704626574 439 471 27
5980133029 0 12 1
2562741904 2231 412 140
1268095234 1829 422 222
6053552059 598 364 8
5438270156 307 1018 274
3108429124 4 32 20
5665602735 85 143 37
6984929278 6 16 2
6878217115 2 117 1
5598889857 2 80 23
5976747278 75 198 46
6586426917 1 23 4
6607995019 5 81 20
3279873221 568 504 159
3216783703 533 723 183
6171141281 18 107 15
6081980141 58 457 104
6974033545 2 19 1
6864165145 262 353 77
5104672901 21 10 2
6327132375 309 290 2050
5469897696 10 126 21
5573161993 19 56 5
5691615864 221 323 161
5253201832 239 102 26
5898831606 525 646 357
6411712049 1 298 1
3214457231 0 160 188
6604925558 312 102 15
5641284707 79 112 32
5850414617 143 3374 243
6187270441 17 107 11
2389297154 508 353 40
3936316378 712 449 166
5837750034 2529 1733 100
6602699104 506 180 13
5262510210 109 651 180
6630393454 407 383 46
6064132901 4 144 2
6051906770 80 459 13
5526402139 399 234 94
5890326790 50 240 28
6071546513 368 1732 53
5637046362 783 294 57
6465252622 8 24 8
6409490250 72 540 59
6152318030 4 60 6
6400918951 5 48 7
6911300019 20 130 19
6981197371 13 55 11
6066983516 1799 461 402
6135739054 8 205 14
6979215194 0 7 1
5761295168 376 466 151
1994358565 9355 828 5023
6614162350 11 129 31
6166226337 2 55 1
6491319436 19 28 3
6548687062 4 115 2465
5626317620 17 230 60
6982187801 1 10 1
6978479894 0 47 2
6910102273 1 193 17
5225876494 265 640 197
6704585903 19 142 37
6148743048 1 63 11
6981046345 7 23 4
6973307030 0 14 2
6979812723 26 111 5
6970642300 1 14 1
6279565669 305 97 7
6508070179 10 83 3
6427781266 8 16 8
6156574390 48 105 32
5252255756 4 384 50
6650522403 1 59 2
5773896007 0 91 52
5565976953 156 160 87
5997661165 182 127 95
3035008383 384 81 3228
6963324388 0 73 1
6765058928 21 64 15
5296488336 13 36 26
6004979389 2 156 29
6803279167 0 15 1
6688945655 0 45 11
6190025951 4 44 20
6585177025 5 100 20
6868321601 1 14 1
6171669534 118 255 62
5613756526 130 356 30
2809760145 159 579 204
3825654747 19 199 11
5878473717 1 96 1
6534502798 0 403 3
6812379264 0 131 1
5496465232 0 389 6
6662218970 1 176 16
5526624975 20 103 27
5490622376 5 1540 319
6977661561 0 3 1
6650548346 0 126 2
6064161758 12 61 21
5495052137 1524 1800 58
6631230981 197 644 32
6174083070 5 11 2
6499363857 52 49 5
6978023142 7 20 3
5649402194 45 272 48
6530885365 1 44 2
6066225756 38 350 110
6905402361 2 595 8
6402324334 4 64 11
5635614738 82 90 36
5827770253 18 217 74
6595520807 0 10 1
6214948159 8 72 1
6722223490 0 94 2
5370362163 241 537 174
5414456378 11392 1248 395
6869268198 7 141 16
6135281589 1 207 7
3123680075 13 62 9
6193133987 26 174 27
5853788324 4 310 32
6066261495 61 436 121
5171510182 315 794 142
5446447347 25 105 65
6085316481 18 423 122
6404432378 4 77 21
5505249310 304 521 68
3018729537 2241 864 3592
6871483884 0 191 8
6698123049 6 139 6
5791859474 191 152 3
5776066181 427 269 19
2692860813 227 136 2405
2843225604 7 157 18
6970056402 1 7 1
6601117934 0 62 5
5690148587 650 356 158
5937770393 1003 799 113
6976181811 0 0 0
6478065938 22 41 3
5863926227 0 0 0
5253192795 0 0 0
6601625666 0 0 0
6596209305 0 0 0
6415709706 0 0 0
6639766137 0 0 0
2107811341 0 0 0
6879169651 0 0 0
5746481310 0 0 0
6595456105 0 0 0
5490981304 0 0 0
5494773016 0 0 0
6342171026 0 0 0
1736026710 0 0 0
6976339181 0 0 0
5641943453 0 0 0
6006816691 0 0 0
6102549417 0 0 0
6311139723 0 0 0
6135754703 0 0 0
3265520054 0 0 0
5669041561 0 0 0
5856019041 0 0 0
6634730175 0 0 0
6263826938 0 0 0
5702617833 0 0 0
3960988894 0 0 0
6702913186 0 0 0
5363011257 0 0 0
5894544178 0 0 0
6593280988 0 0 0
6475625756 0 0 0
6606652919 0 0 0
6293809127 0 0 0
3728551335 0 0 0
5917969957 0 0 0
6018944975 0 0 0
6854234818 0 0 0
6975658115 0 0 0
5818686939 0 0 0
5976638000 0 0 0
2431688104 0 0 0
2337882040 0 0 0
6617718919 0 0 0
5455982563 0 0 0
2838393867 0 0 0
5584407994 0 0 0
5523519567 0 0 0
3836692807 0 0 0
6613624592 0 0 0
6795638552 0 0 0
6916975756 0 0 0
6976073302 0 0 0
5081775845 0 0 0
1758121921 0 0 0
1016083431 0 0 0
1877188421 0 0 0
2952588154 0 0 0
6098466744 0 0 0
6165071470 0 0 0
5667127365 0 0 0
5521359632 0 0 0
6974763824 0 0 0
6201337617 0 0 0
5847781208 0 0 0
5588807887 0 0 0
5373603432 0 0 0
5357036681 0 0 0
5734192279 0 0 0
2680474531 0 0 0
5454343792 0 0 0
6879688887 0 0 0
5887536529 0 0 0
3269869412 0 0 0
5403809343 0 0 0
5096329507 0 0 0
6376821995 0 0 0
5797672516 0 0 0
5997777035 0 0 0
5698493088 0 0 0
3178461697 0 0 0
5843313243 0 0 0
5165179545 0 0 0
5494866073 0 0 0
5581480843 0 0 0
6522001341 0 0 0
6331297332 0 0 0
6128002266 0 0 0
5785133884 0 0 0
6391802633 0 0 0
6374006350 0 0 0
6680818247 0 0 0
6790529709 0 0 0
6782583241 0 0 0
5935373871 0 0 0
2785723511 0 0 0
6443541613 0 0 0
5512386945 0 0 0
6559952858 0 0 0
5753760967 0 0 0
3197830237 0 0 0
6503758597 0 0 0
5448271802 0 0 0
6388695487 0 0 0
5648334674 0 0 0
6323356961 0 0 0
5590620271 0 0 0
3613149603 0 0 0
6593384151 0 0 0
2965830610 0 0 0
6266109859 0 0 0
5573879337 0 0 0
5674704953 0 0 0
6576404306 0 0 0
5850392674 0 0 0
6493524743 0 0 0
6051887432 0 0 0
5584725919 0 0 0
6532172808 0 0 0
6885426104 0 0 0
1658385567 0 0 0
6170033212 0 0 0
5882397375 0 0 0
2950979382 0 0 0
6600691358 0 0 0
6010678996 0 0 0
5484464207 0 0 0
6317354071 0 0 0
5982049670 0 0 0
6690908967 0 0 0
3224515062 0 0 0
2722932341 0 0 0
5736802419 0 0 0
5855945581 0 0 0
6696750550 0 0 0
6131631509 0 0 0
6318329961 0 0 0
5836454346 0 0 0
6604494499 0 0 0
5848838327 0 0 0
5630710825 0 0 0
5393956083 0 0 0
6283255870 0 0 0
5282044574 0 0 0
6859523861 0 0 0
6418892538 0 0 0
5679685654 0 0 0
6570308121 0 0 0
6216916699 0 0 0
6530376580 0 0 0
6510711274 0 0 0
1981847052 0 0 0
5340835505 0 0 0
